# mapid npcid x z y heading
# Npc spawns by KID
# Fix by Lamo2k123

# Gagan
120010000 204220 1205.3455 1233.1533 210.0 60
# Huron
120010000 204274 1275.0 1368.0 205.0 96
# Limpaksi
120010000 204114 1388.6597 1200.9906 209.41872 110
# Tragi
120010000 204050 1257.2253 1215.7305 214.3585 92
# Aur
120010000 204143 985.45984 1197.7622 200.17903 0
# Genoveva
120010000 204060 1257.3895 1205.1669 214.3585 30
# Air
120010000 204147 1070.0 1513.0 215.0 0
# Isdal
120010000 204183 1416.1781 1362.3143 208.10017 30
# Kalsten
120010000 204080 1455.6134 1451.4154 177.3169 90
# Hupre
120010000 204133 1043.7678 1495.7014 212.84732 75
# Wise
120010000 204113 1160.2751 1594.1847 214.03719 0
# Vidar
120010000 204052 1275.3704 1168.6113 215.21492 30
# Karollin
120010000 204242 1538.0082 1408.0657 203.0 100
# Lyeikunerk
120010000 798153 1185.659 1555.2808 215.0 0
# Kanensa
120010000 204146 939.9808 1122.541 208.0017 0
# Nekai
120010000 204202 1383.388 1385.4241 210.0 30
# Lanse
120010000 204108 1230.2017 1557.7074 214.15114 58
# Sigyn
120010000 204057 1243.2068 1195.5443 215.10492 0
# Frana
120010000 204236 785.14166 1296.5565 228.82748 86
# Fenris's Fangs Elite Soldier
120010000 204070 1280.0 1250.0 216.2478 30
# Feden
120010000 204169 1054.9836 1150.9138 201.52095 60
# Ante
120010000 204109 1235.9073 1574.2467 214.13104 73
# Ve
120010000 204082 1478.5808 1451.8082 177.3169 90
# Birgite
120010000 204245 1519.154 1434.4323 183.0 0
# Sichel
120010000 204273 1246.0 1215.0 214.66057 0
# Gwendag
120010000 204178 1587.9429 1411.3473 192.30624 98
# Dengard
120010000 204247 1466.9122 1401.4241 177.53754 90
# Grimhild
120010000 204079 1470.6013 1421.2203 177.54225 60
# Kasir
120010000 204207 1403.49 1047.0 206.02371 90
# Shurenia
120010000 204135 906.4817 1408.6064 212.90662 45
# Eramir
120010000 204164 1044.2184 1137.7871 201.99889 3
# Haink
120010000 204204 1361.1635 1385.46 208.64803 30
# Lusena
120010000 204138 1336.43 1343.34 208.125 53
# Garuvagg
120010000 204255 1478.688 1363.0566 177.00171 60
# Heimdall
120010000 204182 1614.0 1398.0 193.1269 60
# Lainita
120010000 204100 1167.215 1540.5857 214.1739 0
# Johanert
120010000 204238 1338.6934 1168.778 208.37625 0
# Epren
120010000 204197 1326.5228 1327.2332 208.125 69
# Brakan
120010000 204213 1213.6558 1164.9467 209.0 0
# Dolf
120010000 204209 1396.0 1045.7 214.90694 0
# Reia
120010000 204176 1400.0 1225.0 208.1818 88
# Rampast
120010000 204250 1113.3434 1281.1729 231.78072 25
# Bor
120010000 204077 1473.0 1469.0 177.8163 90
# Ustarn
120010000 204257 1257.7294 1511.309 214.13577 74
# Deyla
120010000 204141 1194.5724 1557.582 213.83618 105
# Skia
120010000 204216 1365.8533 1129.7035 214.07874 110
# Emvelu
120010000 204165 1035.6327 1172.1266 201.52081 0
# Niseria
120010000 204200 1132.9551 1299.8741 231.78072 60
# Hika
120010000 204194 1327.892 1324.6027 208.125 60
# Ersa
120010000 204168 987.911 1069.0615 201.99849 0
# Teo
120010000 204222 1229.442 1121.4493 208.88635 75
# Maochinicherk
120010000 798068 1382.7769 1416.6766 210.0 90
# Evesup
120010000 204167 955.5159 1202.7279 202.99556 0
# Groa
120010000 204062 1292.9202 1233.3287 214.35034 90
# Fenris's Fangs Elite Soldier
120010000 204065 1272.0 1165.0 215.21492 90
# Kiengart
120010000 204185 1393.0 1426.0 208.08516 0
# Daraia
120010000 204101 1173.55 1528.78 214.16386 34
# Relir
120010000 204097 1258.0583 1535.941 214.13577 66
# Genpels
120010000 204173 1400.7944 1187.9486 209.41872 65
# Gantrug
120010000 204215 1367.5323 1132.6719 213.89578 90
# Meirana
120010000 204248 1467.1509 1373.4708 177.06723 90
# Namiya
120010000 204136 1119.7423 1498.0488 213.83382 75
# Vjuremir
120010000 204154 992.8838 1142.5671 200.04756 36
# Kamorunerk
120010000 798065 1078.1108 1079.4569 202.0 63
# Zyakia
120010000 204110 1190.061 1479.8901 214.19016 33
# Gert
120010000 204090 1210.9382 1539.3713 213.96336 68
# Keruthis
120010000 204187 1413.34 1439.4393 208.10017 90
# Ondarinerk
120010000 798058 1333.6027 1495.2649 209.80017 90
# Garm
120010000 204089 1001.3755 1528.272 222.56401 112
# Denesere
120010000 204159 979.78326 1191.6543 200.17903 0
# Kinot
120010000 204121 1059.4591 1398.0886 213.68877 45
# Geiena
120010000 204199 1326.2932 1322.2673 208.125 55
# Lark
120010000 204120 1052.3705 1390.81 213.68877 45
# Numitorem
120010000 204095 1218.7971 1518.7852 215.0 75
# Lyeanenerk
120010000 798067 973.02216 1215.2178 201.51418 75
# Donoerin
120010000 204160 971.77954 1102.3655 197.39888 4
# Genmjola
120010000 204174 1397.1788 1179.831 209.41924 30
# Hasadin
120010000 204214 1367.2677 1127.1226 214.07959 30
# Skan
120010000 204262 1140.0 1384.0 210.02248 0
# Therf
120010000 204088 933.47546 1601.2401 223.76688 105
# Aldbol
120010000 204149 1024.0586 1111.0354 200.04756 30
# Vrege
120010000 204229 1345.05 1238.3484 209.22179 0
# Gundrun
120010000 204093 1199.902 1515.355 215.0 15
# Liuk
120010000 204266 1494.4958 1344.8143 177.16087 60
# Hirot
120010000 204212 1397.185 1198.0227 209.55469 110
# Sadena
120010000 204235 818.1409 1396.1041 218.33852 45
# Eiren
120010000 204119 1041.0 1395.0 213.68877 26
# Skadi
120010000 204054 1278.92 1169.929 215.21492 64
# Fenris's Fangs Elite Soldier
120010000 204064 1266.0 1173.0 215.09242 30
# Talmenu
120010000 204240 829.5358 1328.2351 218.31612 45
# Valensti
120010000 204140 1353.4008 1209.3652 207.99028 45
# Kaiot
120010000 204111 1196.0 1467.0 214.16386 30
# Ozan
120010000 204244 1519.1224 1368.6827 183.0 4
# Asei
120010000 204139 915.47 1430.25 214.0 0
# Latatusk
120010000 204096 1235.5846 1529.7446 214.13577 0
# Eiperin
120010000 204234 873.0931 1372.1274 219.0 0
# Sif
120010000 204058 1243.3278 1225.7303 215.10492 0
# Alrura
120010000 204163 1051.6594 1107.2798 201.99889 0
# Dorein
120010000 204129 1118.8285 1475.2474 214.28195 54
# Yura
120010000 204231 1184.0 1093.0 209.29895 30
# Ulut
120010000 204112 1392.612 1186.838 209.41872 75
# Bodrug
120010000 204217 1369.1685 1129.6604 214.07875 86
# Fenris's Fangs Elite Soldier
120010000 204066 1279.0 1165.0 215.21492 30
# Selod
120010000 204156 1064.8856 1172.9971 201.52097 0
# Cheishunerk
120010000 798061 1004.386 1107.3075 200.04756 12
# Mareke
120010000 204205 1358.2684 1416.5295 210.0 90
# Annju
120010000 204151 1002.4224 1194.0358 201.1617 52
# Gullinbursti
120010000 204092 1199.4644 1528.3461 215.0 0
# Sray
120010000 204251 1114.4539 1300.5564 231.78072 115
# Niz
120010000 204125 1059.0 1424.0 213.74062 12
# Fjorgin
120010000 204078 1455.1246 1413.8226 177.52628 119
# Hoki
120010000 204124 1076.5477 1414.2362 213.68877 45
# Paepaerunerk
120010000 798056 1365.6033 1501.9344 209.81087 60
# Fenris's Fangs Elite Soldier
120010000 204067 1282.0 1217.0 214.07533 60
# Chauminminerk
120010000 798066 962.465 1213.6843 201.49338 105
# Doman
120010000 204191 1686.0 1395.0 196.0 45
# Lindhelm
120010000 204190 1275.7024 1290.2515 209.05174 30
# Osvi
120010000 204150 956.9947 1151.9232 195.88033 0
# Neusa
120010000 204224 1353.0651 1046.7568 206.02368 0
# Kinterun
120010000 204106 1174.0741 1580.1844 214.13577 0
# Venbol
120010000 204153 988.9263 1164.8805 200.04756 0
# Excelin
120010000 204249 1465.1748 1358.5588 177.0479 0
# Koir
120010000 204157 1046.4005 1212.1873 201.5208 0
# Fenris's Fangs Elite Soldier
120010000 204069 1270.0 1250.0 216.23029 30
# Herpa
120010000 204221 1366.5111 1198.0183 208.37625 18
# Sireine
120010000 204228 1355.5254 1246.1566 209.22179 60
# Garun
120010000 204116 1145.2019 1367.911 209.68735 30
# Kvasir
120010000 204053 1281.0 1177.0 215.09242 45
# Kiperson
120010000 204219 1195.2878 1241.0707 209.0 0
# Moreinen
120010000 204211 1330.2411 1059.8143 206.02371 0
# Heltinjola
120010000 204181 1537.9642 1406.3765 202.7958 30
# Sierun
120010000 204134 899.2741 1415.4646 212.88112 15
# Sorante
120010000 204115 1138.9626 1375.7056 210.0197 0
# Duna
120010000 204256 1476.3977 1363.0524 177.00171 15
# Zerpi
120010000 204152 1008.3645 1082.0924 202.0 94
# Argat
120010000 204144 1045.9014 1487.9086 213.25636 118
# Kushar
120010000 204208 1392.0 1049.0 206.68042 30
# Vergelmir
120010000 204051 1294.0056 1205.0863 214.3585 30
# Gunar
120010000 204087 987.5344 1546.9332 223.0 50
# Yuret
120010000 204122 1083.1569 1420.9476 213.68877 60
# Balder
120010000 204075 1469.0 1466.0 177.80963 90
# Vrenseti
120010000 203660 1438.4858 1347.7999 177.16087 10
# Wunarai
120010000 204198 1439.9889 1279.3915 202.03017 60
# Frinda
120010000 204085 940.6362 1552.7856 222.19551 0
# Honir
120010000 204102 1179.9397 1511.5337 214.25528 0
# Izwin
120010000 204267 1395.0 1060.0 206.06915 60
# Dilaila
120010000 204243 1519.1161 1359.8064 183.0 1
# Lidorasa
120010000 204130 1017.0 1460.0 213.48431 105
# Fenris's Fangs Elite Soldier
120010000 204063 1286.0 1173.0 215.09242 30
# Njomi
120010000 204203 1420.2899 1431.0955 208.08516 60
# Merar
120010000 204126 1075.4427 1412.9675 213.68877 45
# Etunapi
120010000 204166 1050.3223 1189.935 202.0 45
# Soudan
120010000 204218 1355.8 1153.4922 211.70454 30
# Hirei
120010000 204201 1372.0953 1276.55 208.35129 60
# Narvi
120010000 204076 1464.0 1469.0 177.80963 89
# Kadisa
120010000 204137 916.86914 1416.4594 212.8583 0
# Grad
120010000 204103 1182.0 1526.0 214.25528 100
# Myorunerk
120010000 798064 1369.0437 1181.4724 208.37624 60
# Oridana
120010000 204227 1339.8967 1207.0017 208.37625 0
# Momorena
120010000 204226 1217.9552 1195.1282 209.0 66
# Roskva
120010000 204072 1296.5032 1497.0983 209.81087 115
# Aschffen
120010000 204269 1004.4193 1050.308 202.0 30
# Tonorea
120010000 204237 1340.1096 1166.7211 209.0 30
# Igsrun
120010000 204184 1404.8 1362.3 208.10017 30
# Obirunerk
120010000 798060 1216.6058 1567.7356 214.13104 105
# Traufnir
120010000 204056 1307.2915 1195.8683 215.10233 60
# Selesti
120010000 204127 1118.0609 1493.1078 213.83382 30
# Kitanya
120010000 204128 1126.1392 1482.689 214.28195 36
# Amjuturan
120010000 204142 1209.4379 1407.189 208.125 0
# Djupi
120010000 204158 1047.7885 1212.276 201.5208 75
# Mimir
120010000 204206 1368.68 1051.2 206.53348 30
# Njord
120010000 204055 1272.0696 1169.7257 215.21492 0
# Annemari
120010000 204241 840.7241 1374.1259 219.0 0
# Douke
120010000 204131 1047.0873 1477.5747 215.0 86
# Beffert
120010000 204270 1001.2602 1049.6571 202.0 30
# Gaminart
120010000 204268 1403.3329 1066.8026 206.02371 90
# Aud
120010000 204061 1294.6382 1216.6216 214.35532 68
# Merot
120010000 204223 1216.6207 1194.537 207.97894 20
# Dein
120010000 204272 1246.0 1208.0 214.66057 0
# Vidarini
120010000 204084 1476.0576 1413.911 177.5331 30
# Brunehilt
120010000 204091 1208.0917 1496.215 213.96336 0
# Anita
120010000 204252 1145.1206 1286.7954 209.67445 14
# Niberan
120010000 204145 899.1034 1409.9335 212.88777 6
# Perin
120010000 204132 1039.3827 1490.682 212.85661 105
# Teska
120010000 204196 1335.9268 1427.1969 209.09084 30
# Genoti
120010000 204186 1402.43 1439.63 208.10017 90
# Bischkek
120010000 204271 1002.7484 1050.9349 202.0 33
# Daskair
120010000 204261 1102.4714 1481.2273 213.83382 4
# Legina
120010000 204177 1400.7245 1196.0847 209.41872 54
# Grer
120010000 204073 1358.0142 1480.0 209.81087 58
# Gullinkambi
120010000 204074 1383.052 1528.701 209.81026 60
# Ragfrid
120010000 204233 1170.6 1192.4 207.97894 0
# Graipel
120010000 204094 1228.0 1444.0 209.09074 105
# Fjuedil
120010000 204170 1002.6595 1134.376 205.89146 90
# Freyr
120010000 204059 1306.1556 1225.9277 215.10233 60
# Veldina
120010000 204071 1330.7987 1496.2976 209.80017 75
# Hiyask
120010000 204180 1588.0039 1392.1221 192.8585 90
# Nekorunuerk
120010000 798059 1327.9479 1497.175 209.80017 90
# Gunter
120010000 204225 1333.9872 1046.677 206.02371 30
# Sekidona
120010000 204148 1019.3076 1132.2238 201.1617 112
# Alviss
120010000 204239 1341.2502 1168.7653 208.37625 90
# Logi
120010000 204104 1197.4778 1588.6173 214.13577 0
# Lajur
120010000 204230 1217.7 1093.0 209.30164 32
# Lyfjaberga
120010000 204083 1478.8307 1431.8219 177.3169 30
# Olda
120010000 204117 1018.63 1367.86 213.68877 45
# Thialfi
120010000 204081 1455.9182 1431.9844 177.3169 30
# Agamo
120010000 204193 1129.5427 1434.6251 209.0 18
# Grupaks
120010000 204107 1174.7766 1599.858 214.03001 105
# Fenris's Fangs Elite Soldier
120010000 204068 1269.0 1217.0 214.07533 0
# Tonar
120010000 790010 1248.7004 1451.1775 209.3432 90
# Hebennjot
120010000 204179 1540.9148 1403.0751 201.6819 0
# Enjodil
120010000 790008 1049.889 1191.5938 201.5208 90
# Heidrun
120010000 204232 1172.0 1176.4 207.97894 2
# Feglie
120010000 204171 947.0 1123.71 206.84729 0
# Girditan
120010000 204172 1013.5016 1138.022 204.88452 30
# Berling
120010000 204086 978.158 1591.344 222.0655 92
# Delua
120010000 204161 1051.2009 1126.0792 201.99889 0
# Micorunerk
120010000 798063 1380.5038 1225.282 208.18553 110
# Micorunerk
120010000 798063 1393.72 1335.51 202.03029 0
# Denir
120010000 204162 946.82495 1100.3679 195.8803 0
# Sereniti
120010000 204210 1368.74 1030.5 206.56313 30
# Vair
120010000 204254 1145.1206 1296.0537 209.67445 0
# Glerm
120010000 204175 1380.2174 1197.1406 209.41872 60
# Versel
120010000 204155 1068.7272 1113.286 201.52081 82
# Kodarunerk
120010000 798062 1014.6828 1167.1262 200.04756 84
# Mima
120010000 204105 1187.0 1605.0 214.03738 91
# Araison
120010000 204192 1320.8217 1325.0298 208.54315 0
# Gororunerk
120010000 798057 1304.2058 1517.9337 209.81087 0
# Khrudgelmir
120010000 204253 1112.7802 1291.1367 231.78072 0
# Areke
120010000 204099 1228.1659 1532.816 214.13577 105
# Kroia
120010000 204123 1073.0 1437.0 213.74062 75
# Gerad
120010000 204118 1009.64 1363.38 213.68877 32
# Prounin
120010000 204246 1519.154 1443.3821 183.0 0
