# mapid npcid x z y heading
# Npc spawns by KID
# Fix by Lamo2k123

# Aremine
210030000 203112 1636.5128 1520.3812 121.0 0
# Anontrite
210030000 203179 2317.5005 1806.5504 196.0 0
# Laskis
210030000 203330 2323.4263 1801.4673 196.0 0
# Phorcys
210030000 203184 2377.44 795.53 102.72063 0
# Beris
210030000 203133 1329.0956 2183.046 143.5 0
# Lunax
210030000 203178 2317.86 1797.6635 197.0 0
# Gaurinerk
210030000 798001 1685.4552 1536.8812 119.76358 0
# Feimerk
210030000 798124 2332.9812 1810.4668 194.0 0
# Taiotus
210030000 203121 1670.8358 1496.6965 119.19303 0
# Irian
210030000 203107 1704.8021 1528.659 120.21605 0
# Gossiper Jin
210030000 700029 2120.2783 636.5635 101.47425 0
# Vascus
210030000 203157 2071.3406 2415.5107 276.01733 0
# Considerate Lagos
210030000 203153 1313.8043 2514.973 213.35393 0
# Hynops
210030000 203122 1678.5323 1487.2775 184.19461 0
# Anasia
210030000 203163 1269.5022 2627.3735 209.0 0
# Parine
210030000 203092 1672.997 1515.9098 119.06231 0
# Hyacinte
210030000 203097 1721.301 1491.203 121.942665 0
# Kinesos
210030000 203096 1708.672 1489.787 122.00186 0
# Irona
210030000 203159 2064.4043 2412.6956 275.0 0
# Khidia
210030000 203183 2377.007 830.45013 107.65739 0
# Imerun
210030000 203135 1326.7375 2179.0933 143.63557 0
# Leto
210030000 203129 1263.4119 2180.9028 152.0 0
# Linorasa
210030000 203168 2368.696 831.29694 103.0 0
# Nesia
210030000 203199 1621.5103 1491.8052 129.0 0
# Belfinu
210030000 203173 2385.7632 788.4409 102.55294 0
# Ispio
210030000 203108 1632.468 1488.3126 119.78284 0
# Manos
210030000 790000 1655.8699 1520.2257 118.91135 0
# Pobina
210030000 203332 1649.9984 1471.5232 122.0 0
# Dronoa
210030000 203162 1268.307 2628.9668 209.0 0
# Alteno
210030000 203093 1637.0073 1505.0311 119.704605 0
# Nadaelo
210030000 203101 1648.516 1455.1875 121.15943 0
# Adelia
210030000 203102 1651.7964 1487.5651 119.375 0
# Kairon
210030000 203109 1629.47 1521.53 120.0625 0
# Meteina
210030000 203147 1552.7401 1160.3622 114.06791 0
# Alaus
210030000 203106 1667.387 1496.8662 118.875 0
# Ondanius
210030000 203124 1364.0243 1843.2286 121.48037 0
# Atorinus
210030000 203160 2053.1714 2405.7595 277.0 0
# Abolos
210030000 203126 1282.4749 2167.4395 151.09532 0
# Eradis
210030000 203130 1337.2001 2239.5286 147.17986 0
# Selene
210030000 203099 1722.8463 1451.2164 123.52807 0
# Hanontus
210030000 203141 1304.0996 2280.4053 145.625 0
# Spiros
210030000 203111 1687.6349 1483.3033 121.58683 0
# Lostes
210030000 203154 1645.5186 2228.346 162.64662 0
# Mairon
210030000 203103 1675.8795 1472.4152 122.0 0
# Notos
210030000 203167 2365.8496 847.9684 103.0 0
# Mirdiena
210030000 203120 1639.0824 1501.1592 119.964615 0
# Drasia
210030000 203094 1676.8212 1438.6366 121.90555 0
# Gaione
210030000 203190 1588.2814 1555.589 112.62982 0
# Une
210030000 203172 2387.4365 788.6099 102.375 0
# Ordais
210030000 203104 1692.8271 1516.9172 122.0 0
# Lusis
210030000 203134 1247.2599 2272.1125 142.91452 0
# Pilamonia
210030000 203138 1265.5753 2171.809 152.0 0
# Mileno
210030000 730013 2273.7246 1717.3484 118.454666 0
# Enia
210030000 203095 1674.368 1458.7615 121.683014 0
# Meliodas
210030000 203156 1720.2235 2755.0159 271.0049 0
# Gen
210030000 203169 2359.7131 807.36304 104.0 0
# Morai
210030000 203164 2314.6135 1800.9707 197.0 0
# Geolus
210030000 203149 1677.2657 2270.7468 168.0 0
# Urakron
210030000 203091 1639.1172 1498.7598 121.0 0
# Minos
210030000 203333 1337.0 2255.0 146.30313 0
# Qydro
210030000 203125 1279.2632 2249.918 145.51152 0
# Hianu
210030000 203150 1640.508 2230.4556 162.90347 0
# Elote
210030000 730012 2439.2893 1773.372 112.0 0
# Ivis
210030000 203100 1651.408 1451.299 121.159065 0
# Roseino
210030000 203155 1725.2692 2755.7742 270.99518 0
# Krodis
210030000 203139 1244.55 2208.96 149.125 0
# Maniparas
210030000 203131 1347.5032 2225.8687 147.5295 0
# Worker Supervisor Numonerk
210030000 798004 1661.5175 1543.7463 129.0 0
# Nola
210030000 730001 1273.27 1881.26 121.57875 0
# Perinens
210030000 203110 1634.72 1527.9468 120.16002 0
# Palaemon
210030000 203105 1691.1555 1477.5161 121.44807 0
# Lepios
210030000 203148 1755.6732 2462.6199 152.52641 0
# Antheia
210030000 203119 1843.265 1302.8676 197.91408 0
# Illos
210030000 203151 1677.2418 2265.378 168.0 0
# Titania
210030000 203180 2319.9124 1799.624 197.0 0
# Santenius
210030000 203128 1244.9305 2165.773 151.67088 0
# Ramor
210030000 203145 1255.719 2223.8486 144.875 0
# Toroonerk
210030000 798002 1683.9066 1537.0432 119.76358 0
# Naia
210030000 203127 1279.3477 2236.2747 143.04077 0
# Airote
210030000 203136 1339.8744 2204.0688 142.7343 0
# Nemia
210030000 203132 1332.7131 2243.7458 147.94383 0
# Gano
210030000 203123 1365.7804 1843.1772 121.461945 0
# Poppy
210030000 203191 951.30005 2480.7905 187.75 0
# Stony the Stone Fist
210030000 203189 2070.014 2423.833 275.35327 0
# Segatus
210030000 203193 1326.2833 2200.293 144.13501 0
# Jenel
210030000 203170 2419.4026 791.44904 102.24016 0
# Laudis
210030000 203171 2427.4775 824.19165 101.7921 0
# Zephyros
210030000 203166 2369.95 851.7148 103.0 0
# Spatalos
210030000 203098 1724.7662 1493.8678 121.883026 0
# Saminel
210030000 203137 1243.4177 2269.1968 143.88638 0
# Cerios
210030000 203165 2327.3818 1810.2793 195.0 0
# Gaphyrk
210030000 798003 891.90875 2024.2031 166.28307 0
# Eninte
210030000 203161 1977.17 2632.55 302.0 0
# Neltonia
210030000 203140 1261.3488 2299.0095 141.87941 0
# Ibion
210030000 203158 2051.623 2424.294 274.0 0
# Estino
210030000 203146 1546.5394 1157.788 114.36784 0
# Alrunta
210030000 730014 2280.2178 1900.5709 113.70483 0