# mapid npcid x z y heading
# Npc spawns by KID
# Fix by Lamo2k123

# Ladon
210040000 204622 294.85794 1982.5885 110.0 0
# Kasarello
210040000 204516 2570.109 402.00525 418.0 0
# Sisandra
210040000 204508 2574.6785 393.01245 418.0 0
# Skanas
210040000 204594 1694.4749 2661.3547 114.10372 0
# Gasuto
210040000 204506 2441.7058 328.1667 416.0 0
# Sierin
210040000 204632 2540.0132 357.9888 412.0 0
# Nibeon
210040000 204532 1636.0527 2692.6404 117.0 0
# Prokopios
210040000 204608 981.76807 701.2532 136.0 0
# Kleio
210040000 204598 1684.7599 2671.6553 115.30596 0
# Nargis
210040000 204619 2446.5017 282.45767 432.0 0
# Resha
210040000 204525 2424.487 377.54507 414.79404 0
# Serdy
210040000 204639 140.94647 1621.4459 121.71547 0
# Phuthollo
210040000 204519 2462.5664 369.7169 412.0 0
# Hestonos
210040000 204576 717.7861 623.50665 130.0 0
# Spokesperson of Paserta
210040000 204647 196.37582 1604.2385 130.0 0
# Nerison
210040000 204573 713.2282 606.49036 130.0 0
# Genes
210040000 204520 2518.0388 418.28348 408.7403 0
# Erone
210040000 204568 139.37701 1631.7244 121.71547 0
# Lomulias
210040000 204571 145.78465 1628.8502 121.71547 0
# Shoranarerk
210040000 798076 919.362 2248.8667 157.375 0
# Piros
210040000 204600 2036.3892 1403.8909 120.10001 0
# Kacias
210040000 204625 344.0 1620.0 116.0 0
# Arkos
210040000 204561 170.51279 1664.2502 120.5145 0
# Rance
210040000 204612 137.11523 1623.2905 121.71547 0
# Orhes
210040000 204528 2488.445 423.30377 411.78784 0
# Terba
210040000 730025 168.42218 1597.4739 122.0 0
# Keas
210040000 204637 2477.1572 340.9676 412.0 0
# Altiana
210040000 204509 2459.8188 287.62317 422.0 0
# Edoras
210040000 204559 175.16324 1650.6539 122.0 0
# Menaxia
210040000 204544 1556.6923 2731.8862 119.0 0
# Breive
210040000 204631 2548.0 356.0 412.0 0
# Trajanus
210040000 730024 129.0 1578.0 122.0 0
# Heraloene
210040000 790018 1659.78 2724.5 117.0 0
# Eopede
210040000 204518 2428.2283 371.87048 414.79404 0
# Voluptes
210040000 204592 1682.6677 2656.731 116.0 0
# Gunes
210040000 204529 2514.9902 358.6362 410.0 0
# Meiheira
210040000 204503 2438.3167 321.58887 415.34235 0
# Gella
210040000 204591 1690.4829 2656.542 116.0 0
# Fenne
210040000 204606 712.50134 639.06464 130.0 0
# Mirborante
210040000 204555 1450.7723 1344.9648 175.0 0
# Panaita
210040000 204554 1451.0 1326.0 175.0 0
# Ibelia
210040000 204582 2244.9294 614.8943 272.0 0
# Trou
210040000 204560 134.09 1629.58 121.751686 0
# Hideros
210040000 204539 1584.2086 2734.1233 120.0 0
# Rojani
210040000 204595 1674.9431 2668.6753 117.0 0
# Kisia
210040000 204512 2470.8047 300.2154 416.005 0
# Senemonea
210040000 204583 982.3732 693.54565 136.0 0
# Gairos
210040000 204551 1442.5383 1322.1865 174.625 0
# Luke
210040000 204558 159.37 1663.73 122.0 0
# Wailing Moroch
210040000 204611 2417.506 691.3761 370.0 0
# Zerone
210040000 204642 142.4545 1630.4257 121.71547 0
# Pobinerk
210040000 798103 1661.804 237.72545 130.0 0
# Rusiridite
210040000 204569 152.6 1654.47 122.0 0
# Rahelio
210040000 204552 1457.0 1374.0 176.0 0
# Lisidike
210040000 204545 902.81226 2245.316 157.375 0
# Tolemos
210040000 204638 1574.458 2743.44 118.430244 0
# Eudora
210040000 204597 1701.4034 2665.2646 114.25011 0
# Piera
210040000 204584 964.9495 693.1378 136.0 0
# Aririnirerk
210040000 798073 2419.0 350.0 415.3995 0
# Jukabe
210040000 204523 2440.0615 403.6842 412.5983 0
# Miobera
210040000 204546 904.2993 2244.7544 157.375 0
# Kelber
210040000 204524 2445.2073 405.04184 412.5983 0
# Lamidros
210040000 204610 2876.0027 2227.488 145.0 0
# Zetus
210040000 790019 1552.1492 2711.1 118.53683 0
# Ageios
210040000 204570 180.7144 1633.4003 122.0 0
# Dokurunerk
210040000 798071 160.0 1629.0 123.0 0
# Antione
210040000 204547 1633.7213 2768.0305 123.564766 0
# Sarumok
210040000 730028 194.78824 1664.7408 112.43683 0
# Lupigena
210040000 204542 1630.1569 2745.11 125.0 0
# Nesteto
210040000 204650 1075.2969 2915.3513 122.0 0
# Amene
210040000 204513 2544.0 337.0 412.0 0
# Kuobe
210040000 204578 699.5235 627.1152 130.0 0
# Brosia
210040000 204601 2015.472 1412.676 120.10001 0
# Endyon
210040000 204537 1569.786 2673.1877 115.625 0
# Deshirung the Blimp
210040000 212164 316.8312 323.9354 120.0 0
# Hokuma
210040000 204618 2755.0 1401.0 269.0 0
# Armis
210040000 204641 1579.8364 2745.7253 118.430244 0
# Kalendros
210040000 204574 717.25464 625.5797 130.0 0
# Klaus
210040000 204550 1442.0016 1352.8578 174.8454 0
# Okonus
210040000 204585 977.06976 695.9841 136.0 0
# Zeuclid
210040000 204607 973.54016 699.4211 136.0 0
# Neisthea
210040000 204580 2245.2166 607.84283 272.0 0
# Aifemis
210040000 204536 1596.5656 2732.6582 120.005 0
# Gamedes
210040000 204588 1116.1296 1695.1625 110.10001 0
# Meteria
210040000 204596 1678.0228 2720.278 113.66618 0
# Atalante
210040000 204602 2007.9675 1395.1406 120.10001 0
# Roina
210040000 204633 1430.2876 1380.8254 176.0 0
# Wandering Ghost
210040000 204587 870.7518 1668.4083 108.79698 0
# Mersephon
210040000 730026 229.64348 1603.5286 113.977715 0
# Sulates
210040000 204505 2444.0 250.0 421.75235 0
# Sillen
210040000 204586 972.15704 694.5574 135.25 0
# Terentius
210040000 204553 1441.0 1377.0 176.0 0
# Aphesius
210040000 204549 1446.0 1359.8517 180.50401 0
# Iorene
210040000 204581 2242.5864 605.68823 272.0 0
# Xanthe
210040000 204609 1785.0448 1350.8597 102.25 0
# Mempion
210040000 204627 435.0 1975.0 116.0 0
# Barantus
210040000 204514 2541.0 337.0 412.0 0
# Namarinerk
210040000 798074 903.0805 2238.2927 157.375 0
# Ephos
210040000 204522 2484.7083 336.74014 412.0 0
# Bollvig the Black Heart
210040000 212314 1001.488 2828.5364 236.0 0
# Maximus
210040000 204535 1652.7762 2693.0652 117.0 0
# Molina
210040000 204526 2461.9272 410.86798 413.0 0
# Ate
210040000 204640 2452.3213 402.71426 413.0 0
# Sofne
210040000 204504 2448.0 238.0 421.8035 0
# Euripia
210040000 204548 1573.0052 2748.5564 118.430244 0
# Karinerk
210040000 798070 2513.682 295.36194 416.10294 0
# Lantis
210040000 204540 1630.3522 2720.4438 117.914986 0
# Senir
210040000 204534 1608.701 2696.6274 120.30006 0
# Rexius
210040000 204599 1682.6439 2714.978 113.534584 0
# Ekseus
210040000 204593 1692.107 2701.9597 117.0 0
# Poporinerk
210040000 798096 1120.4788 1695.0046 110.0 0
# Mojarunerk
210040000 798075 914.59204 2236.5334 157.375 0
# Protector Phobos
210040000 204646 2466.586 301.7833 416.005 0
# Seniferes
210040000 204575 704.7971 641.1428 130.0 0
# Cheerinrinerk
210040000 798095 1882.9202 2658.6672 148.0 0
# Anto
210040000 204533 1619.3722 2738.5864 122.953354 0
# Belakade
210040000 204515 2479.267 340.70056 412.0 0
# Seiana
210040000 204556 1423.8728 1333.018 175.0 0
# Rex
210040000 204636 1659.9852 238.92268 130.0 0
# Prangos
210040000 730027 166.95 1630.8 123.0 0
# Koorunerk
210040000 798069 2514.9702 296.29697 416.10294 0
# Berone
210040000 204589 1123.7731 1701.7726 110.10001 0
# Cursed Ganges
210040000 204613 1326.5427 1448.9999 112.13033 0
# Aimillia
210040000 204543 1636.8846 2745.1116 125.00001 0
# Tegis
210040000 204531 1628.8208 2762.7522 123.52852 0
# Kravis
210040000 204557 156.02 1662.07 122.0 0
# Aiokina
210040000 204579 694.0794 641.21405 130.0 0
# Spina
210040000 204626 503.0 1943.0 119.0 0
# Kalione
210040000 204577 723.32697 638.6852 130.0 0
# Catid
210040000 204538 1581.7338 2676.772 118.0 0
# Daruka
210040000 204517 2545.868 357.37427 412.0 0
# Karanus
210040000 204572 137.9406 1571.0498 120.0 0
# Graa
210040000 204530 2465.66 350.4756 413.0 0
# Nekentos
210040000 204527 2495.9585 312.00717 416.0 0
# Erato
210040000 204630 1594.4498 2764.0168 128.0 0
# Dolla
210040000 204511 2503.5103 306.1961 417.0 0
# Gorgos
210040000 204590 1668.8148 2665.7673 116.0 0
# Kalkas
210040000 204628 401.64026 1794.6117 112.0 0
# Sarantus
210040000 204501 2456.0 239.0 421.75235 0
# Perento
210040000 204500 2438.2217 312.40262 415.28717 0
# Tessia
210040000 204629 153.0 1593.0 121.0 0
# Camana
210040000 204541 1667.6705 2685.5005 116.0 0
# Loktania
210040000 204507 2448.31 325.3922 416.0 0
# Barsita
210040000 204502 2445.1055 318.5529 415.34235 0
# Henobe
210040000 204521 2518.8252 317.2809 417.0 0
# Mato
210040000 204510 2520.6606 375.0216 410.0 0
# Balboa
210040000 204645 270.64124 512.98505 122.7863 0
# Nagirinerk
210040000 798072 131.90088 1599.8906 121.0 0
# Sirilis
210040000 204562 153.35 1611.52 122.0 0