# mapid npcid x z y heading
# Npc spawns by KID
# Fix by Lamo2k123

# Chicorerk
220020000 798106 2672.0 2501.0 142.85892 0
# Vetrano
220020000 790013 2543.9539 1790.3103 96.0 0
# Meuw
220020000 204436 335.01 2287.83 465.0 0
# Ananta
220020000 204387 2246.4224 1466.9631 126.75 0
# Protector Einbil
220020000 204434 268.08762 2340.4612 444.0 0
# Angrboda
220020000 204366 2791.6292 1100.8915 172.0 0
# Anund
220020000 204317 189.0 2340.0 457.0 0
# Kuriuta
220020000 204400 2257.8503 1509.7875 122.0 0
# Spedor
220020000 204336 736.0 2214.0 334.5 0
# Mirmak
220020000 204350 2367.033 1861.5243 100.0 0
# Nabaru
220020000 730038 930.77094 2826.6594 232.0 0
# Sigen
220020000 204427 2371.6328 1726.7565 103.38857 0
# Securis
220020000 204353 2535.0662 1736.4958 89.0 0
# Hugorunerk
220020000 798078 372.40088 2403.6172 452.97058 0
# Yornduf
220020000 204319 311.83 2271.25 449.41266 0
# Meaw
220020000 204437 370.98 2402.43 462.0 0
# Grander
220020000 204334 632.7697 900.66187 361.5 0
# Karina
220020000 204341 2395.4456 1798.9342 101.5 0
# Roya
220020000 204359 2370.623 1711.8566 103.38857 0
# Liurerk
220020000 798109 1775.7488 1664.1016 198.0 0
# Kikananta
220020000 204414 2580.78 401.83 215.0 0
# Unar
220020000 204316 176.73788 2329.688 457.0 0
# Kogita
220020000 204413 2569.5361 359.61496 219.2 0
# Bubu Kong
220020000 204390 2254.6433 1454.876 127.030045 0
# Thurnberg
220020000 204312 298.1249 2292.872 450.0 0
# Virashak
220020000 204348 2493.0 1713.0 90.1875 0
# Virashak
220020000 204348 2488.7197 1795.9559 96.0 0
# Baba Tik
220020000 204397 1507.1407 2804.3252 363.47968 0
# Ganimerk
220020000 798114 2662.1362 799.7624 248.27118 0
# Aktum
220020000 204346 2384.2183 1752.0422 103.0 0
# Falkor
220020000 204311 238.36981 2369.1042 450.0 0
# Frenai
220020000 204324 361.13058 2368.0205 448.0 0
# Morian
220020000 204371 204.0 2305.0 450.55573 0
# Golenthor
220020000 204318 269.41895 2337.6477 444.0 0
# Keindor
220020000 730037 926.0761 2848.9229 232.0 0
# Jorund
220020000 204332 636.3186 914.6473 360.5199 0
# Gelundorf
220020000 204330 639.2984 924.208 361.0 0
# Igraine
220020000 204347 2522.29 1703.93 92.04063 0
# Igraine
220020000 204347 2479.4648 1801.015 95.654686 0
# Baba Tak
220020000 204396 1507.1827 2802.8738 363.5 0
# Seqilund
220020000 204331 643.96106 920.0 361.0 0
# Halfdan
220020000 204315 320.58093 2304.4917 453.21286 0
# Yilli
220020000 204305 236.66444 2404.6995 455.0 0
# Audumlea
220020000 204307 301.96893 2158.2285 460.0 0
# Vili
220020000 204304 228.22406 2416.7036 454.15567 0
# Hermod
220020000 204373 682.5734 1144.3873 285.0 0
# Gundalfun
220020000 790020 1084.809 2486.4536 239.25 0
# Choirinererk
220020000 798110 1778.9197 1671.5417 198.0 0
# Nina
220020000 204303 225.33913 2412.2996 454.15567 0
# Temoji
220020000 204402 2787.9849 478.9313 267.0 0
# Orashunerk
220020000 798084 639.0 914.0 361.0 0
# Frahnir
220020000 204431 2452.3745 1840.5879 93.67202 0
# Asgeirr
220020000 204309 250.45169 2331.4011 447.0 0
# Favyr
220020000 204378 848.19476 2216.4578 337.0 0
# Dukar
220020000 204429 2397.3762 1808.1284 102.0 0
# Kimssi
220020000 204393 1509.8824 2802.8433 363.54535 0
# Pararinirerk
220020000 798081 347.33847 2316.3062 452.21634 0
# Valumcus
220020000 790012 2478.8157 1806.2197 95.65601 0
# Bergthora
220020000 204328 274.0 2262.0 447.46188 0
# Modgud
220020000 204380 2354.9724 2220.2754 125.91287 0
# Tofa
220020000 204329 629.9229 917.4678 361.0 0
# Deputy Lamipedon
220020000 212649 1144.6188 910.7161 383.0 0
# Marita
220020000 204384 2802.1628 1102.7994 172.0 0
# Cabon
220020000 204356 2522.0 1811.0 97.0 0
# Peder
220020000 204385 1781.2538 1670.5706 198.0 0
# Feimdal
220020000 204323 266.0 2358.0 446.0 0
# Bulagan
220020000 204408 1728.0 1120.0 207.5 0
# Verbern
220020000 204322 294.53903 2441.4512 455.03284 0
# Muir
220020000 204422 2401.8518 1802.3339 102.0 0
# Knutr
220020000 204313 300.7608 2271.2434 448.6631 0
# Bolverk
220020000 204300 217.54495 2325.5725 446.3672 0
# Magorinerk
220020000 798077 372.83148 2402.2974 452.97058 0
# Contineo
220020000 204352 2410.1384 1888.1726 91.0 0
# Mothir
220020000 204381 2349.4377 2231.6755 128.0 0
# Adhis
220020000 204344 2457.038 1767.0385 92.0 0
# Baba Ring
220020000 204394 1509.5741 2801.0159 363.5 0
# Grammati
220020000 790011 2451.7585 1845.1176 93.67202 0
# Sararinirerk
220020000 798080 1895.0 1374.0 146.625 0
# Chaomirk
220020000 798115 2679.3584 817.45966 246.00633 0
# Balom
220020000 204355 2397.3213 1809.759 102.0 0
# Medea
220020000 204424 687.0838 2685.4263 317.86053 0
# Kistig
220020000 204433 897.90765 2948.1443 278.0 0
# Chieftain Chaikata
220020000 204388 2245.7815 1472.0803 126.50864 0
# Ipoderr
220020000 204325 334.28522 2361.8813 445.00003 0
# Asmundr
220020000 204310 292.9529 2158.0657 460.0 0
# Aprily
220020000 204335 630.14325 921.5439 361.0 0
# Baba Pung
220020000 204395 1508.0212 2801.3767 363.46237 0
# Mirka
220020000 204342 2402.612 1720.3293 103.0 0
# Mael
220020000 204430 292.2778 2432.5903 456.0 0
# Logmar
220020000 204314 293.29382 2272.3628 449.0 0
# Sepor
220020000 204421 2503.3875 1804.1805 97.0 0
# Arnkell
220020000 204321 290.68652 2446.2346 455.09045 0
# Embla
220020000 204339 1781.2015 1665.247 198.0 0
# Sora
220020000 204382 1097.0 2484.0 242.0 0
# Gullveig
220020000 204364 2788.322 1109.0422 172.0 0
# Taisan
220020000 204403 2792.7139 480.63004 267.0 0
# Hapenill
220020000 204326 339.27844 2332.258 453.0 0
# Bubu Pat
220020000 204401 2354.2927 1467.6642 120.268295 0
# Baroshunerk
220020000 798083 2590.0 1724.0 94.0 0
# Sveinn
220020000 204327 338.24628 2265.8994 454.0 0
# Gangleri
220020000 204372 1778.4867 1662.3026 198.0 0
# Signi
220020000 204308 249.24246 2336.4985 447.0 0
# Rikesh
220020000 204345 2363.7217 1717.3469 103.43981 0
# Vali
220020000 204362 2397.8794 1768.4713 102.0 0
# Magni
220020000 204363 2130.0 2290.0 229.0 0
# Demirin
220020000 204306 239.28261 2409.0552 455.0 0
# Hakon
220020000 204333 644.43896 906.6485 362.0 0
# Vivi
220020000 204386 928.3013 2129.8572 238.0 0
# Kamer
220020000 204343 2421.0 1837.0 93.3125 0
# Raukus
220020000 204349 2362.6172 1858.1859 100.0 0
# Aknanti
220020000 204411 2662.0898 448.72214 217.0 0
# Baba Tong
220020000 204398 1508.6642 2804.558 363.47174 0
# Dezaren
220020000 204357 2445.588 1843.7369 93.67202 0
# Hreidmar
220020000 204361 2704.1582 1334.9636 109.0 0
# Legalus
220020000 204392 1068.4746 2481.9016 239.375 0
# Kiril
220020000 204358 2387.043 1742.6829 103.0 0
# Girkapan
220020000 204428 2661.403 819.6752 248.2 0
# Letum
220020000 204354 2537.2676 1743.6658 89.0 0
# Pagimkin's Corpse
220020000 700233 2636.9766 2592.276 142.70898 0
# Grall
220020000 204377 312.00198 2438.1514 454.44806 0
# Nott
220020000 204360 224.0129 2320.1252 446.31628 0
# Utgar
220020000 204338 1784.8868 1664.4697 198.0 0
# Orhe
220020000 204399 310.13 2270.01 450.0 0
# Anoramas
220020000 730036 941.91626 2821.5518 232.0 0
# Fulla
220020000 204368 657.275 903.6602 365.0 0
# Bicorunerk
220020000 798082 373.12872 2438.603 452.20407 0
# Lif
220020000 204379 1047.5994 2126.2397 220.66534 0
# Gaganti
220020000 204412 2671.94 366.29 218.0 0
# Tyr
220020000 204369 2812.8428 1109.3933 178.0 0
# Maxeldor
220020000 204337 627.85565 906.77655 362.0 0
# Gelkugin
220020000 204407 2367.0217 1725.4382 103.38857 0
# Volatis
220020000 204351 2407.1536 1885.021 90.383286 0
# Sat
220020000 204420 2420.0 1739.0 102.0 0
# Aegir
220020000 204301 225.33301 2415.4636 454.1092 0
# Neior
220020000 204320 365.7122 2434.499 452.1977 0
# Paepaeronerk
220020000 798079 1640.0 1003.0 137.0 0
# Vebna
220020000 204425 220.5657 2333.5103 446.31628 0
# Tekor
220020000 204340 2474.867 1800.4585 95.65601 0
# Skataon
220020000 204426 657.0689 901.1337 365.0 0
# Otis
220020000 204375 341.85062 2280.866 454.05844 0
# Bruike
220020000 790014 2542.1257 1791.6603 96.0 0
# Malak
220020000 204383 2348.1162 2226.8064 128.0 0
# Garurunerk
220020000 798125 1069.3317 2499.313 239.91824 0
# Meouw
220020000 204438 235.23924 2419.5278 461.731 0
# Muorinerk
220020000 798085 2438.778 1707.2405 101.0 0
