# mapid npcid x z y heading
# Npc spawns by KID
# Fix by Lamo2k123

# Skirnir
220040000 204759 2381.814 1335.9684 486.0 0
# Gaamel
220040000 204725 348.85507 314.3342 229.976 0
# Karis
220040000 204708 395.44064 457.70578 225.0 0
# Lifthrasir
220040000 204729 314.0818 276.84134 232.95123 0
# Freyja
220040000 204763 2326.6968 1250.1248 469.99652 0
# Lug
220040000 204779 530.2592 1900.7474 261.995 0
# Rigg
220040000 204717 319.09952 336.0298 230.0 0
# Surviving Hoarfrost Hunter
220040000 204820 2478.3967 2096.15 575.0 0
# Sorgrim
220040000 204803 597.0919 785.623 233.59367 0
# Peredur
220040000 204765 2315.4106 1278.1311 487.99515 0
# Eda
220040000 204724 401.07007 400.9682 223.0 0
# Morwena
220040000 204711 338.6899 334.86966 230.0 0
# Rubelik
220040000 204743 561.8168 1893.6158 261.42307 0
# Reyrinirerk
220040000 798090 530.423 1916.214 261.995 0
# Dewi
220040000 204777 2742.8237 2081.8635 550.0 0
# Delris
220040000 204784 2303.0444 1255.667 506.9985 0
# Magarinerk
220040000 798087 388.61267 244.76926 236.39113 0
# Brok
220040000 204816 2451.0 482.0 400.78717 0
# Ladamantrun
220040000 204742 557.08527 1887.7052 261.995 0
# Eldir
220040000 204825 827.8217 1825.3228 242.54233 0
# Gigrite
220040000 204801 600.81445 801.3081 233.99733 0
# Cadoc
220040000 204778 278.8922 398.92868 237.0 0
# Surviving Hoarfrost Warrior
220040000 204819 2449.2227 2115.745 573.0 0
# Rerua
220040000 790017 554.6597 1907.8951 261.995 0
# Surviving Hoarfrost Hunter
220040000 204820 2475.2732 2100.2234 572.8313 0
# Scoll
220040000 204822 2027.0 238.0 384.0 0
# Lint
220040000 204757 2272.198 1193.3235 469.99817 0
# Hasyaditan
220040000 204795 2413.9482 2073.7053 580.0 0
# Pirate's Treasure Box
220040000 730140 46.135815 2304.8833 228.0 0
# Nari
220040000 204706 408.81546 450.65964 225.0 0
# Borvo
220040000 204752 2390.129 1264.2802 468.00177 0
# Gark
220040000 204811 304.0 1167.0 269.0 0
# Kunbernan
220040000 204747 532.4299 1866.7869 261.995 0
# Morhen
220040000 204744 528.89606 1884.0464 261.995 0
# Huarinrinerk
220040000 798119 1277.3582 834.96606 262.9973 0
# Bestla
220040000 204733 319.65778 376.33453 230.0 0
# Surviving Hoarfrost Warrior
220040000 204819 2443.1245 2074.3362 579.7629 0
# Surviving Hoarfrost Hunter
220040000 204820 2428.7708 2087.3108 579.0 0
# Freki
220040000 204826 1291.574 303.03247 344.6855 0
# Hild
220040000 204827 1290.2322 308.66324 344.54208 0
# Byggvir
220040000 790022 1285.1982 300.98087 344.6887 0
# Rotenan
220040000 204745 548.15607 1894.7056 261.375 0
# Horu
220040000 204734 364.10767 387.0105 305.0 0
# Surviving Hoarfrost Hunter
220040000 204820 2455.4011 2098.0474 575.8562 0
# Baredo
220040000 204770 545.5445 1926.5859 261.995 0
# Loki
220040000 204703 236.0687 366.75357 240.20946 0
# Denarynt
220040000 204741 545.2589 1895.0989 261.995 0
# Jikurunerk
220040000 798092 1908.2603 559.70557 416.00177 0
# Stua
220040000 204809 1447.0 1288.0 248.5 0
# Naironerk
220040000 798091 310.4997 429.19177 232.0 0
# Paeru
220040000 204749 384.20996 287.48917 234.42291 0
# Fafnir
220040000 204722 293.3412 416.4197 232.0 0
# Surviving Hoarfrost Warrior
220040000 204819 2441.4016 2117.0679 573.0 0
# Amma
220040000 204723 369.10696 423.0413 223.0 0
# Pirate's Treasure Box
220040000 730140 52.16461 2289.444 229.0 0
# Regin
220040000 204719 389.11316 354.6702 230.0 0
# Onelr
220040000 204750 2293.1267 1250.565 475.00192 0
# Etun
220040000 790016 1931.2153 486.83466 413.00177 0
# Tristran
220040000 204774 263.69098 313.10022 237.0 0
# Rith
220040000 204782 2274.348 1299.0939 474.99463 0
# Nerthus
220040000 204702 233.77026 364.42804 240.16298 0
# Siegfried
220040000 204799 2303.0254 1249.7832 506.99652 0
# Kamochinicherk
220040000 798094 1893.2089 485.5872 413.00177 0
# Epona
220040000 204764 2305.7947 1231.009 499.00308 0
# Ocho
220040000 204740 578.667 1941.1377 259.995 0
# Hammel
220040000 204800 392.06705 385.99844 212.77234 0
# Nornen
220040000 204713 294.78018 339.71 232.138 0
# Geirod
220040000 204760 1917.8981 478.23636 412.00177 0
# Idraden
220040000 204367 2471.0 2073.0 579.0 0
# Esnu
220040000 204808 573.7869 2693.5386 281.99875 0
# Epa
220040000 204710 317.88306 308.70248 232.0 0
# Surviving Hoarfrost Warrior
220040000 204819 2433.84 2081.06 579.0 0
# Valboner
220040000 204771 490.26794 2223.6333 315.80328 0
# Derin
220040000 204709 326.1291 304.0883 231.04185 0
# Lewin
220040000 204789 295.03543 274.76443 232.95122 0
# Noarynt
220040000 204769 544.36725 1924.2789 261.995 0
# Svafnir
220040000 204817 2427.232 2095.939 577.71716 0
# Gomurinerk
220040000 798093 1910.9066 560.728 416.00177 0
# Protector Snirwuf
220040000 204818 320.0 332.0 230.0 0
# Surviving Hoarfrost Hunter
220040000 204820 2458.3984 2041.6372 591.0 0
# Lethe
220040000 204832 2646.0 2674.0 683.625 0
# Sleipnir
220040000 204768 546.9649 1924.2476 261.995 0
# Zhayorerk
220040000 798117 1267.8291 843.7727 262.9973 0
# Sturluson
220040000 204726 252.92116 408.50604 237.78409 0
# Baba Kun
220040000 204791 2234.7583 1251.617 475.00275 0
# Mukaditan
220040000 204833 1786.0 1829.0 603.8125 0
# Grundt
220040000 204715 299.68344 267.16724 233.0 0
# Art
220040000 204767 2300.412 1315.9305 474.99533 0
# Angwin
220040000 204786 1910.8688 476.83783 412.00177 0
# Auhumla
220040000 204736 546.5599 1892.422 261.995 0
# Yoltmund
220040000 204772 2403.0476 1206.6249 471.00192 0
# Aurvandil
220040000 204731 448.40158 286.6753 232.54056 0
# Nargatal
220040000 204788 2394.0657 1264.9774 468.00027 0
# Pirate's Treasure Box
220040000 730140 49.62 2322.44 231.0 0
# Lapion
220040000 204728 456.1257 342.73816 233.82686 0
# Molota
220040000 204798 2458.2002 2075.1323 578.0 0
# Vonduca
220040000 204776 532.09564 1891.0295 261.995 0
# Mostin
220040000 204783 2289.3918 1219.3584 496.00308 0
# Midheim
220040000 204746 551.45416 1908.8124 261.995 0
# Surviving Hoarfrost Warrior
220040000 204819 2451.7607 2039.0027 591.0 0
# Hod
220040000 204701 234.28783 361.17242 240.20946 0
# Cinnia
220040000 204761 553.0461 1919.2844 261.25 0
# Savrina
220040000 204773 2267.4324 1238.7925 475.00192 0
# Afi
220040000 204721 367.2965 423.66705 222.11166 0
# Mani
220040000 204707 256.60355 358.62494 240.0 0
# Thor
220040000 204700 2300.94 1252.7203 506.9985 0
# Mundilfari
220040000 204730 315.37402 456.48505 233.38947 0
# Guanyerk
220040000 798118 1259.5769 841.09094 262.9973 0
# Pirate's Treasure Box
220040000 730109 53.11685 2324.6663 233.0 0
# Solver
220040000 204365 1900.0741 503.49844 414.0 0
# Pirate's Treasure Box
220040000 730140 37.007126 2314.5251 232.0 0
# Baba Hun
220040000 204792 2267.2183 1306.4236 475.0 0
# Tafi
220040000 204754 1903.9913 488.094 413.00177 0
# Suteken
220040000 204714 362.48016 280.54138 235.0 0
# Methorn
220040000 204758 2318.8599 1137.0509 477.0 0
# Yarl
220040000 204821 2108.0 445.0 383.80338 0
# Elli
220040000 790015 405.71274 350.6454 233.0 0
# Coventina
220040000 204762 554.2071 1921.1923 261.07507 0
# Benyar
220040000 204735 536.876 1892.9443 262.0 0
# Tartu
220040000 204716 372.235 322.6338 230.0 0
# Bowen
220040000 204751 2305.1812 1269.045 490.0 0
# Dristan
220040000 204780 351.5193 421.85675 233.0 0
# Luurinerk
220040000 798131 1263.0 842.0 264.0 0
# Vanargand
220040000 204805 719.8012 1158.4481 254.99516 0
# Karabe
220040000 204748 514.69684 1891.9645 261.995 0
# Kalitan
220040000 204813 2300.6042 1557.2772 504.06378 0
# Kari
220040000 204727 259.3062 410.32404 237.7882 0
# Modi
220040000 204705 391.0572 304.6879 230.76694 0
# Ai
220040000 204720 346.49557 406.14923 233.0 0
# Baugi
220040000 204739 582.5785 1935.1046 257.51654 0
# Betoni
220040000 204775 2444.8 2020.66 593.0 0
# Gylfi
220040000 204718 397.16022 403.07822 223.0 0
# Furiga
220040000 204737 527.7031 1909.0618 261.995 0
# Hefring
220040000 204823 2022.0 150.0 390.83563 0
# Rig
220040000 204704 306.37668 375.96707 237.0 0
# Laksyatil
220040000 204790 2223.3225 1289.3735 474.5 0
# Chieftain Akigatan
220040000 204787 2390.1033 1274.5719 468.0 0
# Boudica
220040000 204756 2359.7234 1244.4294 469.95587 0
# Gwendolin
220040000 204785 1873.891 2238.037 651.0 0
# Agerunerk
220040000 798086 389.7946 245.33972 236.39113 0
# Alfgeir
220040000 204804 592.1704 788.3503 232.9993 0
# Govanon
220040000 204781 308.52606 267.1731 233.0 0
# Kistenian
220040000 204753 1911.6976 485.8836 413.0 0
# Hikan
220040000 204797 2462.7502 2070.9885 578.0 0
# Briana
220040000 204755 1919.7252 488.9588 414.00177 0
# Subera
220040000 204802 601.707 795.7679 233.9993 0
# Angr
220040000 204738 576.6483 1925.6577 260.995 0
# Gnalin
220040000 204732 347.8814 259.99274 235.0 0
# Arita
220040000 204796 2415.7937 2084.2554 581.0 0
# Maponus
220040000 204766 2295.4468 1315.3473 474.996 0