# mapid npcid x z y heading
# Npc spawns by KID
# Fix by Lamo2k123

# Boromer
220010000 203518 538.02893 2418.898 277.60895 33
# Ghost of Prison Camp Sentinel
220010000 203551 673.9326 1795.1683 271.375 94
# Gurt
220010000 203503 235.37195 2700.2095 295.15115 107
# Verdandi
220010000 790002 937.9509 2298.1074 266.13477 102
# Motgar
220010000 203533 853.4655 2225.0195 265.84454 89
# Bacorerk
220010000 798037 617.2111 2421.931 280.625 55
# Galar
220010000 203507 539.7026 2551.8079 270.0 0
# Tanmarn
220010000 203549 667.86633 1727.946 271.63834 3
# Raorunerk
220010000 798038 610.8011 2417.865 280.625 29
# Devalin
220010000 203544 925.4475 1563.5364 284.654 43
# Sheofin
220010000 203513 525.2255 2448.8289 282.0 0
# Huggin
220010000 203511 559.6057 2401.8892 278.8955 27
# Alfrigh
220010000 203543 928.04236 1566.0132 284.12152 50
# Nobekk
220010000 203519 489.88107 2415.086 266.54297 104
# Derot
220010000 203539 949.0022 1700.9598 259.625 20
# Vandarnt
220010000 203504 527.07465 2775.6753 295.7563 107
# Hephe
220010000 203514 624.5432 2433.8484 280.731 56
# Lidun
220010000 203541 936.64667 1682.2454 261.81924 15
# Jurwen
220010000 203529 565.459 2401.389 278.89703 36
# Rusalka
220010000 203680 934.60223 1705.2625 259.42108 41
# Tobu
220010000 203517 591.35425 2449.3994 278.375 33
# Bolir
220010000 203532 487.89172 2294.0662 248.28421 99
# Blabbermouth Angmu
220010000 203536 938.75543 2299.856 266.14658 101
# Linevir
220010000 203512 585.4244 2467.0603 279.3 0
# Urd
220010000 790003 587.0572 2412.9968 278.56268 46
# Dobar
220010000 203692 620.4402 2439.1274 280.731 82
# Glifko
220010000 203523 537.0023 2424.401 276.46298 7
# Kirhen
220010000 203530 554.18524 2403.699 278.87778 24
# Negi
220010000 203531 505.76813 2297.5078 250.0 0
# Ungfu
220010000 203526 583.871 2424.6724 279.0 0
# Asak
220010000 203500 560.856 2788.09 299.0535 106
# Megin
220010000 203524 581.5524 2518.6562 275.17914 0
# Jephani
220010000 203548 669.7403 1725.1316 271.39102 31
# Munin
220010000 203550 378.93 1895.39 330.0 0
# Rae
220010000 203554 648.3247 920.85565 310.8089 43
# Osmar
220010000 203679 525.52936 2450.7332 282.0 0
# Dalor
220010000 203515 618.1254 2430.0132 280.731 21
# Guheitun
220010000 203501 223.87064 2679.9333 295.25 0
# Dabi
220010000 203534 855.99347 2215.7432 266.0332 48
# Minu
220010000 203527 607.1283 2460.1262 280.44553 72
# Kaindal
220010000 203522 597.3841 2470.184 278.75 40
# Vanar
220010000 203502 220.17767 2678.7002 295.25 117
# Nalto
220010000 203552 729.80554 1158.2864 302.89865 24
# Skuld
220010000 203546 1114.457 1716.7845 271.10526 51
# Mijou
220010000 203540 946.3315 1702.9247 259.625 22
# Garhara
220010000 203545 942.0379 1707.14 259.6728 38
# Wiokan
220010000 203528 571.93225 2461.9727 278.5 96
# Ere
220010000 203547 667.59766 1762.6604 271.53418 0
# Kard
220010000 203535 1048.3887 2060.312 253.0 0
# Denma
220010000 203542 932.96466 1685.8105 261.82654 2
# Ulgorn
220010000 203516 589.40967 2449.9937 278.375 40
# Srat
220010000 203525 402.20844 2354.868 260.5447 0
