# Groken
220030000 203608 1224.0 1096.0 248.0 0
# Meibjar
220030000 203559 1667.0941 1747.4803 260.2821 0
# Neifenmer
220030000 203655 1482.5343 2546.956 298.6553 0
# Aetheric Field Observatory Guard
220030000 203662 1573.0956 2560.893 285.76266 0
# Mahirinerk
220030000 798032 1563.795 1830.471 275.0 0
# Viel
220030000 203641 2457.4697 679.0519 318.7039 0
# Vuet
220030000 203580 1744.294 1757.0538 256.0 0
# Cheirerk
220030000 798031 1558.4985 1865.048 272.60922 0
# Chida
220030000 203624 1864.8462 764.2981 255.14423 0
# Dungeon Guard
220030000 203598 1707.45 1788.68 204.53189 0
# Irehilt
220030000 203642 2299.41 532.58 316.99518 0
# Gor
220030000 203639 1790.0568 575.87866 258.0 0
# Babarunerk
220030000 798034 2686.0 1048.0 309.3889 0
# Amitnir
220030000 203614 1926.5443 760.7837 262.0 0
# Emgata
220030000 203590 1736.0 1691.0 256.75 0
# Leinolz
220030000 203640 2454.038 679.5467 318.64404 0
# Gogaerunerk
220030000 798039 2458.6372 666.94995 322.0 0
# Atir
220030000 203666 1754.5342 2017.6588 250.0 0
# Deriona
220030000 203691 1896.369 727.1661 259.0 0
# Kagorinerk
220030000 798035 2702.0 1022.0 313.0 0
# Mirokin
220030000 203632 1779.7975 695.7927 264.27304 0
# Lohaban
220030000 203689 2663.7268 1659.3374 326.0 0
# Irlein
220030000 203693 1503.0287 2454.472 249.0 0
# Taora
220030000 203669 1719.5558 2167.4336 258.0 0
# Disguised Germerk
220030000 798041 2588.0 953.0 307.0 0
# Skomonerk
220030000 798043 1691.542 1830.6364 202.59415 0
# Imprisoned Shugo
220030000 798042 1697.1942 1835.3767 201.95918 0
# Imprisoned Shugo
220030000 798042 1695.1433 1833.2928 202.35864 0
# Skanin
220030000 203618 1943.757 727.997 263.5185 0
# Rubander
220030000 203683 1903.5889 695.1977 262.0 0
# Dungeon Guard
220030000 203685 1598.809 1731.5238 252.45154 0
# Rion
220030000 203603 1724.2877 1676.4795 254.26797 0
# Venoa
220030000 203582 1563.1768 1858.1837 272.605 0
# Aetheric Field Observatory Guard
220030000 203663 1572.0111 2568.8425 285.5 0
# Suthran
220030000 203557 1662.6785 1748.6877 260.23566 0
# Gefion
220030000 203616 1828.8481 712.29407 260.0 0
# Lateni
220030000 203659 2663.0 1663.0 325.0 0
# Mantigar
220030000 203611 1200.6313 980.80206 255.0 0
# Tigg
220030000 203604 1634.4176 1450.8445 256.0 0
# Gaivolt
220030000 203658 1659.0 1829.0 253.6685 0
# Naiern
220030000 203687 1713.3036 1872.2867 255.875 0
# Greik
220030000 203573 1701.0 1939.0 257.8125 0
# Germyu
220030000 203643 2359.6387 916.00433 326.0 0
# Lamir
220030000 203620 1844.4669 728.4093 258.25 0
# Aurtri
220030000 203654 1459.94 2540.22 306.00162 0
# Andgar
220030000 203651 2646.4058 1662.223 325.0 0
# Gercus
220030000 203644 2393.2163 891.4271 322.0 0
# Hunmir
220030000 203633 1801.1738 703.90985 265.0 0
# Gulkalla
220030000 203649 2666.174 1661.8654 325.0 0
# Eggther
220030000 203664 1743.6205 2007.724 250.0 0
# Lenat
220030000 203561 1754.3508 1807.7227 255.22043 0
# Grak
220030000 203650 2647.0557 1656.3134 325.0 0
# Borender
220030000 203572 1620.6917 1806.6564 406.0 0
# Nokir
220030000 203631 1779.8843 690.4771 264.30893 0
# Sarad
220030000 203657 1555.4568 1861.736 272.60922 0
# Dellalont
220030000 203665 1751.5259 2006.9524 250.0 0
# Kyaorunerk
220030000 798028 1757.936 1841.2454 257.58783 0
# Japayerk
220030000 798030 2676.0876 1019.1586 311.80807 0
# Lakurunerk
220030000 798123 2617.7195 1640.724 253.23247 0
# null
220030000 203673 2614.5894 1642.2904 254.0 0
# Mumu Bon
220030000 203589 1666.1409 1827.1179 203.39757 0
# Luimerk
220030000 798105 2630.0 1644.0 254.0 0
# Jolk
220030000 203668 1720.8724 2169.2742 258.0 0
# Laborer
220030000 203675 2618.0955 1620.0079 251.37003 0
# Neparinerk
220030000 798033 2693.705 1026.6136 313.0 0
# Tatural
220030000 203622 1882.2249 709.9067 260.0 0
# Lakirnja
220030000 203564 1719.0 1698.0 256.75 0
# Nemnef
220030000 203556 1658.5725 1818.3885 253.71997 0
# Donabe
220030000 203579 1758.0698 1779.1129 256.1737 0
# Manir
220030000 203607 1459.5583 1192.6814 259.0 0
# Aetheric Field Observatory Guard
220030000 203661 1562.6769 2555.9302 285.75436 0
# Kelsvit
220030000 203565 1687.4424 1942.1184 257.4447 0
# Vogbadic
220030000 203575 1624.741 1741.854 269.36108 0
# Valuerin
220030000 203558 1674.3907 1900.0354 258.0 0
# Trader's Bodyguard
220030000 203648 2692.2297 1048.2482 310.62155 0
# Muspelin
220030000 203688 1661.9148 1819.0426 202.24957 0
# Kaibech
220030000 203610 1201.1638 984.61884 254.0 0
# Daike
220030000 203629 1928.3054 757.99304 261.5 0
# Laborer
220030000 203676 2649.64 1641.37 251.11377 0
# Nornes
220030000 203619 1837.3718 733.9725 260.0 0
# Gunmarson
220030000 203612 1621.4235 747.0085 256.0 0
# Chauminerk
220030000 798029 1758.2866 1839.8529 257.58505 0
# Noroia
220030000 203592 1703.9558 1792.5839 205.09349 0
# Vovetirn
220030000 203630 1989.9506 640.05304 269.0 0
# Dunck
220030000 203646 2708.4329 1046.0914 313.0 0
# Disguised Germerk
220030000 798040 2330.0 791.0 323.0 0
# Kueve 
220030000 203628 1887.23 682.19 258.32687 0
# Shania
220030000 203621 1880.0762 706.5221 260.0 0
# Dungeon Guard
220030000 203597 1708.7435 1789.6813 204.47476 0
# Bogurt
220030000 203615 1914.658 701.8868 262.0 0
# Arekedil
220030000 203574 1607.3651 1719.1361 252.1933 0
# Dungeon Guard
220030000 203684 1594.63 1735.42 252.44942 0
# Latunin
220030000 203678 2681.1377 1023.9208 311.76324 0
# Serpine
220030000 203686 1696.0596 1800.4443 207.06503 0
# Donat
220030000 203627 1875.37 695.48 257.12686 0
# Olenja
220030000 203606 1628.2827 1453.0463 256.0 0
# Gilungk
220030000 203613 1805.2372 724.1714 261.58804 0
# Lanakin
220030000 203626 1885.2351 750.739 257.0 0
# Urnir
220030000 203656 1484.896 2539.834 300.0 0
# Garuntat
220030000 203617 1801.5725 713.39496 263.0518 0
# Eida
220030000 203583 1559.5468 1861.685 272.60373 0
# Lakutu
220030000 203690 1718.0 1867.0 254.9375 0
# Kaganta
220030000 203602 1724.0897 1814.5798 205.15236 0
# Zemurru's Spirit
220030000 203682 1591.21 2201.12 248.40125 0
# Zemurru's Spirit
220030000 203682 1657.6 2174.5 257.2125 0
# Ukin
220030000 203581 1754.0754 1805.1439 255.9173 0
# Karl
220030000 203609 1749.4198 901.44476 261.0 0
# Rungnir
220030000 203667 1743.28 2018.4094 250.0 0
# Elk
220030000 203623 1893.3303 759.3817 257.42215 0
# Lunber
220030000 203578 1739.3403 1873.4996 257.1503 0
# Heidunn
220030000 203563 1730.6671 1705.4307 257.06003 0
# Mabrunerk
220030000 798036 1754.7032 2010.219 248.33105 0
# Tulberg
220030000 203562 1684.44 1755.51 259.1421 0
# Dortos
220030000 203577 1741.5535 1868.3359 257.09265 0
# Trader's Bodyguard
220030000 203647 2696.0125 1025.7615 312.6407 0
# Laborer
220030000 203677 2622.8108 1623.3092 251.78865 0
# Nirmirn
220030000 203576 1618.8298 1916.9707 262.9363 0
# Morn
220030000 203560 1660.8835 1813.2097 253.72227 0
# Itu
220030000 203591 1737.92 1692.01 257.22565 0
# Nerhel
220030000 203625 1884.0 770.0 256.875 0
# Loriniah
220030000 203605 1624.733 1451.1193 256.0 0
# Germir
220030000 203645 2351.0698 889.4809 324.875 0
# Thrud
220030000 203555 1614.3245 1797.5402 256.48828 0