# mapid npcid x z y heading
# Npc spawns by KID
# Fix by Lamo2k123

# Aries
400010000 278538 2993.2393 889.0931 1546.0913 0
# Echo
400010000 278513 2098.4836 754.39795 1568.9725 0
# Sinjah
400010000 278086 1172.8295 1959.8295 1605.3483 0
# Igla
400010000 278027 956.0651 2977.942 1646.3984 0
# Kolga
400010000 278139 916.1186 3017.862 1655.4788 0
# Bonitra
400010000 278551 2866.8528 1000.0319 1527.9968 0
# Dainn
400010000 278080 2095.125 600.5 1566.7714 0
# Vernio
400010000 278025 899.7809 3010.492 1646.4252 0
# Steinkel
400010000 278132 898.0262 2957.0647 1641.652 0
# Votan
400010000 278001 924.42926 3004.8965 1646.751 0
# Nerites
400010000 278635 2937.0774 883.9252 1539.1194 0
# Nayorinrinerk
400010000 279001 3029.4453 908.9396 1546.1272 0
# Deucalion
400010000 278636 2933.3748 888.05536 1539.1194 0
# Climis
400010000 278576 2094.125 747.375 1568.5815 0
# Yuditio
400010000 278500 2966.0 676.0 1521.1588 0
# Arvid
400010000 278548 2879.88 1043.801 1527.9965 0
# Pleta
400010000 278564 2967.0688 1044.4204 1533.6783 0
# Greip
400010000 278103 2720.0676 470.07437 2886.296 0
# Bord
400010000 278047 1035.5076 2865.5676 1635.9048 0
# Aimele
400010000 278607 569.3178 3337.599 2817.9968 0
# Kirhenzar
400010000 278009 895.4948 3006.578 1646.4252 0
# Protector Hlin
400010000 278142 915.0 2990.0 1653.3513 0
# Soniksius
400010000 278519 2973.7786 1054.5046 1534.853 0
# Hogni
400010000 278022 962.4991 3028.197 1653.3748 0
# Arnora
400010000 278108 568.8022 2589.2612 2886.0637 0
# Tellus
400010000 278506 2861.7727 1041.2919 1528.9653 0
# Svekk
400010000 278060 1105.926 2962.9172 1639.9261 0
# Theon
400010000 278516 1681.5823 2942.8896 2943.5256 0
# Melpomene
400010000 278639 3001.9504 886.7663 1546.2754 0
# Edvar
400010000 278028 925.3237 2972.105 1646.3984 0
# Vare
400010000 278048 1066.5555 2883.5437 1635.9315 0
# Rid
400010000 278058 964.9935 2842.6016 1639.015 0
# Dort
400010000 278053 1069.0767 2879.3525 1635.9315 0
# Brysa
400010000 278130 690.67377 2799.2156 1595.2247 0
# Tiberius
400010000 278514 2053.4148 663.0917 2843.2544 0
# Bihugud
400010000 278021 899.4045 2969.869 1653.4221 0
# Nereus
400010000 278517 3064.4666 1010.1205 1513.786 0
# Nike
400010000 278589 878.20575 788.0 1674.1307 0
# Norn
400010000 278076 1650.625 2887.5 1666.804 0
# Maius
400010000 278535 2997.0 927.0 1539.0827 0
# Nukurinerk
400010000 279028 2069.546 2711.707 2914.0 0
# Nukurinerk
400010000 279028 1433.0436 1850.2284 2900.9358 0
# Nukurinerk
400010000 279028 2725.0244 1567.9733 2890.0835 0
# Gagrad
400010000 278087 1172.7606 1970.446 1605.5911 0
# Spade
400010000 278024 908.6474 3026.2231 1655.4786 0
# Mokkurkalfi
400010000 278091 1004.3251 2439.1738 1487.6909 0
# Makidna
400010000 278523 3009.6682 877.9234 1546.2754 0
# Rasror
400010000 278083 1638.625 2887.625 1666.8486 0
# Guyarunerk
400010000 279033 543.7289 1109.6578 2842.5654 0
# Poma
400010000 278570 2942.754 691.0462 1458.8986 0
# Protector Galinthias
400010000 278642 3005.0 917.0 1546.0948 0
# Adellian
400010000 278544 2942.1418 962.9152 1538.1677 0
# Fraiban
400010000 278010 968.8937 3019.738 1641.6229 0
# Bliss
400010000 278552 2900.5396 1025.0577 1527.9968 0
# Himlem
400010000 278062 1101.9111 2961.4758 1639.9261 0
# Dvergr
400010000 278106 564.83685 2599.478 2886.3232 0
# Mure
400010000 278014 1644.7527 2881.4163 1667.1447 0
# Glen
400010000 278071 2131.875 661.0 2843.068 0
# Hisui
400010000 278003 934.6883 3004.787 1646.3984 0
# Nemea
400010000 278588 882.0 784.0734 1675.147 0
# Dufa
400010000 278084 2104.875 600.375 1566.854 0
# Pellatino
400010000 278563 2973.4617 1045.837 1534.978 0
# Rupus
400010000 278543 2930.5815 952.63165 1538.1672 0
# Gufrinerk
400010000 279008 3421.0227 2447.604 2766.532 0
# Gymir
400010000 278072 2105.0 585.75 1566.549 0
# Lukea
400010000 278134 897.7615 2968.566 1641.652 0
# Mist
400010000 278124 2921.9285 961.4505 2813.1882 0
# Scoda
400010000 278036 903.51373 3027.7507 1655.4115 0
# Koska
400010000 278069 1110.4987 3131.3577 1614.5654 0
# Vis
400010000 278051 1036.4974 2845.4163 1635.9048 0
# Jafnhar
400010000 278137 3376.05 2477.88 2861.69 0
# Metna
400010000 278586 1648.5 3049.125 1668.3768 0
# Elintos
400010000 278561 2974.6785 1047.9119 1534.978 0
# Brinn
400010000 278059 1105.3967 2958.8337 1639.9261 0
# Jielinlinerk
400010000 279010 3376.7114 2435.1123 2766.7607 0
# Cymaon
400010000 278556 2860.5566 916.05133 1533.6484 0
# Klasa
400010000 278065 1098.1178 2961.8928 1639.9261 0
# Peroniad
400010000 278000 2100.5393 593.388 1567.1447 0
# Shue
400010000 278044 982.1324 2955.1526 1644.658 0
# Sakmis
400010000 278502 2984.4958 912.21643 1540.0504 0
# Terita
400010000 278534 2865.3564 1033.8552 1527.9968 0
# Aread
400010000 278579 2103.25 747.375 1568.5815 0
# Mercus
400010000 278605 2543.7563 1155.7207 2800.2876 0
# Grunn
400010000 278039 908.9792 3017.65 1655.4409 0
# Grania
400010000 278565 2971.5508 1044.0536 1534.978 0
# Ikarinerk
400010000 279002 3027.9983 902.44073 1546.1272 0
# Meladi
400010000 278583 1688.459 2937.135 2942.93 0
# Mavn
400010000 278052 1046.0511 2874.8862 1636.069 0
# Jakurerk
400010000 279007 3384.3223 2431.3813 2766.7173 0
# Glati
400010000 278088 1181.928 1959.9672 1604.8182 0
# Gjalf
400010000 278090 2013.314 3227.3896 1651.5454 0
# Barono
400010000 278549 2906.2898 1016.9225 1527.9968 0
# Ventus
400010000 278532 2981.465 920.55914 1539.0827 0
# Enno
400010000 278032 936.6819 2967.7896 1646.3984 0
# Pareten
400010000 278038 923.2789 3009.7087 1655.3525 0
# Claudia
400010000 278554 2848.2244 916.9525 1533.6484 0
# Nordri
400010000 278075 1600.4279 2954.739 2943.2542 0
# Andraste
400010000 278018 1109.9662 2959.1184 1639.9261 0
# Fyra
400010000 278055 950.44366 2820.7634 1639.015 0
# Riudona
400010000 278013 2138.4082 654.632 2843.5256 0
# Belita
400010000 278550 2879.0059 990.5918 1527.9968 0
# Kaoranerk
400010000 279027 870.0 3102.0 1642.9272 0
# Bephax
400010000 278135 893.47906 2962.101 1641.652 0
# Ere
400010000 278581 1676.084 2949.51 2943.0654 0
# asCalon
400010000 278503 2974.1406 903.22516 1540.0504 0
# Sione
400010000 278608 554.4413 3323.6592 2819.1716 0
# Garkbinerk
400010000 279006 3389.6426 2447.0525 2766.7 0
# Grimnir
400010000 278070 2132.25 648.75 2843.1934 0
# Elaione
400010000 278572 2045.25 661.125 2842.6587 0
# Garnteia
400010000 278133 905.32306 2959.9514 1641.652 0
# Hevonen
400010000 278050 1053.6141 2835.131 1635.9048 0
# Vanadis
400010000 278125 3394.1216 1278.3026 2682.9067 0
# Jebal
400010000 278002 924.9031 2993.7935 1646.3984 0
# Horia
400010000 278569 2872.9924 748.3974 1499.8989 0
# Glad
400010000 278026 949.0927 2971.6133 1646.3984 0
# Grabakr
400010000 278105 569.1104 2603.7988 2887.406 0
# Evander
400010000 278526 2962.9897 934.18585 1539.0827 0
# Krog
400010000 278030 943.06976 3016.4524 1646.3984 0
# Kanomene
400010000 278577 2093.375 762.125 1568.3768 0
# Guuminerk
400010000 279025 567.67957 1131.3544 2836.9033 0
# Briallen
400010000 278006 1082.0891 2835.174 1636.7412 0
# Veden
400010000 278049 1083.8275 2852.7913 1635.9116 0
# Delling
400010000 278081 1600.8235 2946.7969 2943.2542 0
# Muirunerk
400010000 279036 539.7628 1088.9912 2842.5654 0
# Rentia
400010000 278533 2967.034 907.40356 1538.9121 0
# Baoninerk
400010000 279034 536.8435 1110.3967 2842.5654 0
# Elsana
400010000 278562 2970.1648 1046.1912 1534.978 0
# Iva
400010000 278066 1098.769 2965.5679 1639.9261 0
# Ozur
400010000 278023 904.4367 3022.5898 1655.4788 0
# Ammu
400010000 278068 1110.8989 3125.7415 1613.5573 0
# Duneyr
400010000 278082 1638.5392 2874.489 1666.549 0
# Erik
400010000 278033 958.5864 2989.2903 1646.3984 0
# Erienne
400010000 278518 2846.2783 918.1379 1533.6484 0
# Achelos
400010000 278638 2998.165 883.093 1546.2754 0
# Puella
400010000 278531 2950.1545 906.3184 1539.0827 0
# Protector Agnar
400010000 278140 925.0 3004.0 1655.3525 0
# Ahin
400010000 278004 930.1859 3002.5618 1655.3525 0
# Erdias
400010000 278631 3148.2522 990.80334 1515.0 0
# Teres
400010000 278566 2976.0754 1043.6946 1534.978 0
# Andros
400010000 278063 1102.5624 2965.151 1638.5487 0
# Holm
400010000 278034 1076.0111 2840.986 1636.0677 0
# Yourunerk
400010000 279003 920.03235 3029.8052 1646.445 0
# Ara
400010000 278539 3005.1907 883.13403 1546.2754 0
# Javirunerk
400010000 279009 3393.4353 2435.5354 2767.624 0
# Lavinia
400010000 278525 2979.1462 859.82007 1546.1357 0
# Kirten
400010000 278029 911.5762 2987.0198 1646.3984 0
# Rastin
400010000 278547 2853.6077 1017.0829 1527.9968 0
# Chieninenerk
400010000 279020 3375.9946 2446.4165 2766.7727 0
# Blir
400010000 278056 963.1036 2844.232 1639.015 0
# Durin
400010000 278085 1651.0 2875.25 1666.549 0
# Akastos
400010000 278529 2989.348 924.41345 1539.0827 0
# Masaia
400010000 278587 1648.875 3036.875 1668.7037 0
# Recondita
400010000 278568 2913.1138 737.5057 1504.3458 0
# Rota
400010000 278104 2720.0552 484.20645 2884.883 0
# Altak
400010000 278041 923.30774 2976.0676 1653.3513 0
# Mont
400010000 278128 707.4597 2851.9417 1595.2247 0
# Juimonmonerk
400010000 279037 548.9543 1094.883 2842.5654 0
# Eldorey
400010000 278131 712.69385 2792.6826 1595.2247 0
# Hikelen
400010000 278584 1636.875 3037.0 1668.6312 0
# Chrioz
400010000 278559 2972.219 1051.0922 1534.978 0
# Abend
400010000 278129 687.21027 2841.9932 1595.2375 0
# Apnis
400010000 278574 2061.0 665.125 2842.893 0
# Taranis
400010000 278501 2982.5322 904.0564 1540.167 0
# Junjunbinerk
400010000 279018 786.1825 2293.6685 2849.0293 0
# Lawusan
400010000 278012 961.0129 3027.926 1641.6229 0
# Finne
400010000 278020 2717.3867 476.80322 2885.4114 0
# Eurytion
400010000 278528 2985.449 936.4227 1539.0827 0
# Magnus
400010000 278524 3006.1055 874.1671 1546.2754 0
# Undran
400010000 278057 953.1041 2820.6255 1639.015 0
# Grus
400010000 278540 3001.4583 879.534 1546.2754 0
# Ladacus
400010000 278593 3200.773 1454.5409 1393.3652 0
# Obel
400010000 278509 2972.7554 859.0395 1546.1357 0
# Medais
400010000 278580 1676.459 2937.26 2943.1855 0
# Protector Hyperion
400010000 278641 2967.0 884.0 1546.0916 0
# Ganglot
400010000 278089 2014.2562 3223.0188 1651.6461 0
# Asmu
400010000 278043 970.36017 2944.1387 1644.5327 0
# Lakadi
400010000 278019 1110.0995 2961.5269 1639.9261 0
# Moia
400010000 278504 2984.3093 898.532 1545.4978 0
# Dagr
400010000 278079 1594.0364 2955.213 2943.2544 0
# Kuenunerk
400010000 279019 3113.9036 880.88544 2841.6726 0
# Akuba
400010000 278530 2962.0815 900.4296 1539.0827 0
# Virgo
400010000 278541 2967.4937 894.22833 1546.0924 0
# Nani
400010000 278536 3012.8606 870.6238 1546.2084 0
# Darios
400010000 278558 2861.9214 917.5734 1533.6484 0
# Tierunerk
400010000 279004 924.3342 3033.8494 1646.445 0
# Cesilie
400010000 278520 2971.0774 1054.766 1534.978 0
# Tenoeril
400010000 278521 3005.5928 951.92303 1539.0828 0
# Fayrunerk
400010000 279038 528.2805 1099.7347 2842.5654 0
# Bokbor
400010000 278046 1002.6555 2941.296 1642.3378 0
# Minonerk
400010000 279017 1234.0 2954.0 2915.039 0
# Nug
400010000 278061 1101.2759 2958.033 1639.9261 0
# Ineias
400010000 278578 2103.125 762.0 1568.3768 0
# Anika
400010000 278546 2946.1868 974.9411 1539.6614 0
# Jarumonerk
400010000 279022 565.803 1132.9346 2837.539 0
# Spyr
400010000 278054 938.98816 2830.067 1639.015 0
# Kohrunerk
400010000 279005 3376.0156 2449.369 2766.7747 0
# Minon
400010000 278511 3014.4817 942.7463 1546.1272 0
# Hecabe
400010000 278527 2957.1082 929.1414 1539.0827 0
# Protector Uranos
400010000 278640 2990.0 896.0 1546.0913 0
# Hwiath
400010000 278015 1596.6321 2951.1458 2943.2544 0
# Ingen
400010000 278064 1097.4825 2958.45 1639.9261 0
# Lycian
400010000 278624 2876.1501 711.59845 2830.6456 0
# Septimus
400010000 278515 1642.4518 3042.3977 1668.9725 0
# Koag
400010000 278008 967.02936 3023.4062 1653.3748 0
# Amos
400010000 278545 2918.0027 947.50354 1539.6614 0
# Aither
400010000 278643 2340.0 1790.0 2260.0 0
# Eulos
400010000 278627 3065.182 1011.3768 1513.786 0
# Larbig
400010000 278031 957.23004 3001.7917 1646.3984 0
# Clatanan
400010000 278555 2858.6946 916.062 1533.6484 0
# Semotor
400010000 278017 938.90485 2833.043 1639.015 0
# Huset
400010000 278037 919.61786 3006.424 1655.3525 0
# Dellaron
400010000 278557 2856.68 916.8815 1533.6484 0
# Garpedo
400010000 278606 556.5091 3337.8792 2818.6301 0
# Halonas
400010000 278571 2847.4136 699.60187 1523.6433 0
# Adrastea
400010000 278629 3112.2004 958.9039 1515.0 0
# Konto
400010000 278035 943.0 2999.0 1646.3984 0
# Dactyl
400010000 278590 886.3089 788.0 1675.0492 0
# Sohonerk
400010000 279014 554.1045 3331.8196 2818.6301 0
# Saturn
400010000 278626 2669.3872 792.3599 2728.2046 0
# Nalis
400010000 278537 2996.2134 891.97766 1546.0913 0
# Ivaldi
400010000 278138 912.21594 3014.0835 1655.4788 0
# Lamia
400010000 278592 3214.0 1837.0 1471.1229 0
# Berg
400010000 278067 1106.2758 3131.754 1613.3534 0
# Glaucos
400010000 278634 2945.477 887.42993 1539.1194 0
# Deidamia
400010000 278591 3215.7454 1839.0562 1470.2565 0
# Zeth
400010000 278508 2938.8984 879.9779 1546.1272 0
# Gaochinerk
400010000 279024 587.0 1155.0 2837.0 0
# Licht
400010000 278127 729.41626 2845.2156 1595.2247 0
# Tienshunerk
400010000 279015 3219.4438 1838.3135 1470.3427 0
# Erysiphe
400010000 278567 2949.083 753.8517 1533.2225 0
# Naglfari
400010000 278074 2095.875 585.75 1566.549 0
# Lisya
400010000 278016 746.47296 2833.6995 1594.2247 0
# Sienrurerk
400010000 279026 595.0928 1127.6786 2837.862 0
# Leban
400010000 278126 747.73047 2817.9038 1594.2247 0
# Lugbug
400010000 279029 2139.412 1949.8035 1595.7191 0
# Lasendi
400010000 278522 2943.0295 875.2391 1546.1272 0
# Protector Skoegul
400010000 278141 939.0 3014.0 1653.3513 0
# Flavius
400010000 278512 3011.4858 932.5121 1546.1272 0
# Bacht
400010000 278011 971.6549 3030.1912 1641.6229 0
# Valter
400010000 278042 953.2505 3003.9714 1653.3513 0
# Radone
400010000 278560 2969.2083 1048.4207 1534.978 0
# Laichinchinerk
400010000 279035 549.881 1098.7899 2842.5654 0
# Dullaha
400010000 278102 2711.659 480.80795 2884.711 0
# Denegos
400010000 278507 3009.778 947.032 1539.0828 0
# Triminos
400010000 279000 1647.69 1137.23 1497.8003 0
# Menoetios
400010000 278637 2938.062 895.91425 1539.1194 0
# Genius
400010000 278632 3138.7214 1007.5056 1515.0 0
# Muirica
400010000 278107 577.7223 2598.1777 2888.7764 0
# Agemonerk
400010000 279023 587.52057 1162.4762 2837.4785 0
# Nineve
400010000 278077 2143.875 660.875 2842.9504 0
# Siana
400010000 278007 904.16876 2964.9175 1653.4221 0
# Aleromia
400010000 278573 2051.0 671.5 2842.6587 0
# Matuta
400010000 278625 3112.0237 897.91705 2822.496 0
# Luciris
400010000 278585 1636.5 3049.25 1668.3768 0
# Gilling
400010000 278073 2144.25 648.625 2842.93 0
# Clinestra
400010000 278575 2055.5 655.0 2842.9514 0
# Noiman
400010000 278136 732.51733 2802.6636 1595.2247 0
# Larentia
400010000 278633 3119.9238 1014.0674 1515.0 0
# Trian
400010000 278542 2995.1633 918.25684 1546.0948 0
# Lucius
400010000 278510 3003.9465 940.94574 1546.1272 0
# Nidhoggr
400010000 278078 1593.1548 2947.6362 2943.2544 0
# Tern
400010000 278045 981.3527 2923.5312 1642.3328 0
# Caranos
400010000 278553 2880.1377 1019.111 1528.0334 0
# Livius
400010000 278604 2542.0 1152.0 2800.2876 0
# Sierinererk
400010000 279013 561.04395 3338.7593 2818.2163 0
# Haug
400010000 278040 912.88184 3021.4285 1655.4788 0
# Lachesis
400010000 278630 3130.934 959.2533 1513.9074 0
# Sileni
400010000 278628 3096.87 970.7699 1513.9074 0
# Elian
400010000 278582 1688.084 2949.385 2942.69 0