# Monster spawns by Youli Rev002.
# Still Some Mobs Missing "Spy" Due missing Body/texture
# When I Have More Info I Will Add Them,
# Remember The Spawns Need A Little Rework Later.
# mapid npcid x z y heading

# Verteron

###################################################
#               Verteron Citadel                  #
###################################################

# Swamp Slink
210030000 210063 1788.0101 1599.5232 101.96767 117
210030000 210063 1787.8623 1721.5928 109.983154 47
210030000 210063 1860.5344 1597.239 104.98584 28
210030000 210063 1731.5059 1308.7793 103.26306 1
210030000 210063 1490.1107 1496.6294 101.692085 19
210030000 210063 1657.085 1276.8136 103.27758 83
210030000 210063 1791.4004 1444.4125 110.61243 36
210030000 210063 1668.3335 1702.0992 102.11656 56
210030000 210063 1799.4111 1419.1835 105.22989 60
210030000 210063 1766.6246 1569.5781 107.24419 68
210030000 210063 1769.0295 1684.7676 100.81435 78
210030000 210063 1803.2434 1702.1135 109.16519 43
210030000 210063 1884.7131 1487.1447 102.25 2
210030000 210063 1892.9181 1491.2323 102.25 94
210030000 210063 1788.8693 1297.1536 102.44995 107
210030000 210063 1661.5499 1692.1262 101.32204 59
210030000 210063 1480.6847 1457.1659 100.79279 72
210030000 210063 1835.985 1350.5818 101.41136 14
210030000 210063 1489.3229 1445.6448 101.23601 101
210030000 210063 1469.1823 1404.2388 102.087296 88
210030000 210063 1850.6838 1628.877 104.58548 56
210030000 210063 1519.0265 1327.9954 102.94247 19
210030000 210063 1701.4958 1625.3419 106.95726 46
210030000 210063 1824.8539 1676.9064 110.360016 76
210030000 210063 1837.5055 1369.203 101.73247 28
210030000 210063 1773.7373 1671.788 101.21716 91
210030000 210063 1863.9673 1343.017 102.752045 99
210030000 210063 1678.123 1271.1198 104.10193 55
210030000 210063 1768.7933 1607.273 104.44627 84
210030000 210063 1870.8765 1562.8372 101.59166 48
210030000 210063 1501.3046 1323.8845 100.53807 89
210030000 210063 1634.1881 1694.787 106.2085 16
210030000 210063 1493.802 1467.0895 101.47525 105
210030000 210063 1779.5802 1705.3057 102.17129 82
210030000 210063 1707.217 1306.0627 101.52713 25
210030000 210063 1795.462 1488.2368 106.84138 2
210030000 210063 1885.6965 1500.6201 102.250824 33
210030000 210063 1760.6079 1302.3412 101.85833 4
210030000 210063 1527.7716 1587.0922 103.139275 105
210030000 210063 1713.2703 1613.905 108.57529 48
210030000 210063 1844.4224 1376.4893 101.74582 34
210030000 210063 1783.9036 1665.543 101.596436 2
210030000 210063 1651.7426 1292.5156 103.250046 37
210030000 210063 1614.9354 1688.7903 102.28225 13
210030000 210063 1893.1664 1517.426 104.27537 19
210030000 210063 1499.6884 1347.5663 101.125 71
210030000 210063 1737.2002 1331.7056 103.39996 25
210030000 210063 1697.8911 1606.6973 110.420715 90
210030000 210063 1799.8079 1479.964 106.79278 24
210030000 210063 1762.098 1562.2585 107.79589 74
210030000 210063 1524.2144 1597.1874 104.010025 31
210030000 210063 1843.3412 1663.4673 103.567764 31
210030000 210063 1487.0342 1477.9222 101.125 108
210030000 210063 1871.5168 1577.1663 104.347885 29

# Brown Beak Airon
210030000 210203 1936.5049 1432.0349 99.24782 63
210030000 210203 1597.8715 1272.8403 99.363075 23
210030000 210203 1835.303 1561.4176 99.70496 63
210030000 210203 1534.9427 1704.8726 98.625 12
210030000 210203 1500.8416 1570.6996 99.3224 118
210030000 210203 1903.8696 1434.7664 99.0 70
210030000 210203 1564.6202 1364.8265 99.26289 67
210030000 210203 1448.3247 1491.4756 98.967224 22
210030000 210203 1511.5009 1558.0042 99.53141 0
210030000 210203 1545.1927 1692.1082 98.625 65
210030000 210203 1738.1523 1717.1752 99.625 17
210030000 210203 1734.0237 1702.2998 99.375 47
210030000 210203 1574.5818 1363.0869 98.94293 12
210030000 210203 1562.1443 1285.856 99.13402 4
210030000 210203 1609.9009 1266.5676 99.30856 17
210030000 210203 1564.0988 1264.8583 99.125 41
210030000 210203 1474.4309 1477.1863 99.77994 5
210030000 210203 1456.1252 1492.9374 99.0 33
210030000 210203 1871.2186 1462.512 99.0 88
210030000 210203 1901.4604 1426.7262 99.0 3
210030000 210203 1837.018 1573.5068 99.625 89
210030000 210203 1801.9677 1582.2668 99.25 33
210030000 210203 1954.7501 1456.743 99.09332 51
210030000 210203 1962.7213 1440.2218 99.125 96
210030000 210203 1582.0547 1709.7292 98.625 79
210030000 210203 1804.3574 1572.2225 99.25 63
210030000 210203 1511.7098 1571.2113 99.25 115
210030000 210203 1913.6924 1411.1119 99.0 85
210030000 210203 1753.6827 1710.2506 99.25 113
210030000 210203 1866.8884 1423.4856 99.125 11
210030000 210203 1498.188 1557.3574 99.33484 119
210030000 210203 1556.5004 1675.6505 98.625 94
210030000 210203 1565.9121 1379.9944 99.61951 91
210030000 210203 1594.1624 1711.5243 98.63515 24
  
# Spiral Lobnite
210030000 210264 1850.7092 1586.4421 102.660614 41
210030000 210264 1578.1465 1410.4126 105.98563 62
210030000 210264 1703.5155 1664.5752 101.83905 69
210030000 210264 1530.8877 1537.429 102.71803 90
210030000 210264 1687.819 1634.6744 104.32153 79
210030000 210264 1512.0936 1456.6562 101.90426 55
210030000 210264 1601.2904 1328.854 100.722725 35
210030000 210264 1546.0387 1471.8798 105.96752 12
210030000 210264 1551.166 1315.5697 101.69621 12
210030000 210264 1857.8751 1511.0623 101.30861 17
210030000 210264 1535.7667 1501.7268 104.14457 96
210030000 210264 1746.055 1357.3463 103.92861 119
210030000 210264 1616.4077 1669.759 101.39006 60
210030000 210264 1837.4126 1485.6007 103.5 83
210030000 210264 1851.8156 1531.6094 100.622284 39
210030000 210264 1824.2488 1415.4332 104.10831 33
210030000 210264 1775.1537 1628.8998 101.68124 34
210030000 210264 1615.7347 1642.2772 101.93219 89
210030000 210264 1664.9011 1626.4657 107.202255 66
210030000 210264 1538.6506 1563.3474 101.459335 96
210030000 210264 1642.9639 1666.8854 104.680336 68
210030000 210264 1829.908 1596.0135 100.49915 57
210030000 210264 1674.7186 1344.8557 110.50857 28
210030000 210264 1535.7217 1417.4045 105.34021 2
210030000 210264 1822.1158 1438.6646 103.99276 31
210030000 210264 1802.3868 1369.821 102.125 38
210030000 210264 1844.0018 1602.77 101.45199 102
210030000 210264 1551.4769 1331.7817 102.5 29
210030000 210264 1512.8868 1524.4558 101.23411 98
210030000 210264 1723.138 1360.1213 106.899826 116
210030000 210264 1573.8086 1527.3699 108.36653 105
210030000 210264 1566.5945 1549.6038 107.60025 87
210030000 210264 1759.9093 1656.5186 101.06642 51
210030000 210264 1509.3733 1496.2238 103.22203 86
210030000 210264 1577.2301 1320.0476 101.65328 115

# Brown Beak Airon
210030000 210266 1506.9839 1223.8337 100.2887 95
210030000 210266 1477.163 1333.957 99.195 63
210030000 210266 1575.3087 1042.8947 99.607216 104
210030000 210266 1521.5667 1285.7697 99.125 110
210030000 210266 1466.7101 1447.9978 99.29438 73
210030000 210266 1511.9414 1145.1494 98.92084 94
210030000 210266 1547.2065 1062.4261 100.92827 7
210030000 210266 1482.3306 1240.1328 98.92462 81
210030000 210266 1489.6516 1288.7703 98.978226 91
210030000 210266 1520.4703 1104.8662 100.51733 12
210030000 210266 1510.0089 1202.7269 99.29655 87
210030000 210266 1460.6655 1420.6888 100.788895 106
210030000 210266 1465.4851 1344.2736 99.10992 62
210030000 210266 1504.7668 1169.8718 98.087845 86
210030000 210266 1436.264 1407.4044 99 113
210030000 210266 1555.7268 1052.1505 99.24407 95
210030000 210266 1447.1666 1359.2601 99 49
210030000 210266 1587.5897 1023.1246 99.74336 16
210030000 210266 1437.5493 1373.0334 99 34
210030000 210266 1439.3562 1389.931 99.17815 76
210030000 210266 1490.6903 1307.3562 98.91371 102

# Mud Potcrab
210030000 210268 1738.2843 1381.617 107.029236 38
210030000 210268 1586.6733 1424.8445 111.950424 12
210030000 210268 1723.6654 1683.9119 101.80284 55
210030000 210268 1679.1521 1304.8314 104.959915 95
210030000 210268 1733.2755 1681.3448 101.37067 30
210030000 210268 1519.2386 1505.0244 102.35725 34
210030000 210268 1451.8481 1378.5828 107.00949 85
210030000 210268 1452.7059 1396.0145 105.66085 33
210030000 210268 1484.5398 1415.5017 101.59645 63
210030000 210268 1806.6854 1346.9973 101.03865 115
210030000 210268 1550.5759 1299.6848 100.964005 45
210030000 210268 1520.3193 1493.9127 103.255455 87
210030000 210268 1536.653 1293.8994 101.23743 118
210030000 210268 1536.352 1377.865 101.25513 76
210030000 210268 1778.6865 1554.9224 107.08676 49
210030000 210268 1832.1973 1471.2917 103.11267 12
210030000 210268 1587.5087 1399.9917 102.938065 82
210030000 210268 1752.6307 1624.5597 103.76118 85
210030000 210268 1469.7188 1375.2784 103.802734 90
210030000 210268 1486.3107 1422.0004 102 82
210030000 210268 1811.8533 1344.2294 100.398506 107
210030000 210268 1524.713 1382.9526 101.7291 81
210030000 210268 1586.6177 1637.1066 101.20221 86
210030000 210268 1587.7299 1642.4108 101.125 84
210030000 210268 1683.5009 1303.1063 104.13154 53
210030000 210268 1851.4512 1557.0078 100.18701 26
210030000 210268 1800.6565 1598.5868 100.23938 7
210030000 210268 1863.3289 1548.4858 100.125 2
210030000 210268 1469.4631 1382.4246 103.60066 82
210030000 210268 1660.1975 1654.3444 102.32879 7
210030000 210268 1604.2784 1340.8303 101.625 49
210030000 210268 1533.8898 1298.1361 101.63189 37
210030000 210268 1679.8911 1669.8617 101.24816 83
210030000 210268 1779.4437 1558.4205 105.90335 25
210030000 210268 1825.5637 1464.4319 103.40227 54

# Sharp Horn Starcrab
210030000 210269 1602.9609 1291.9053 100.92322 116
210030000 210269 1626.0675 1352.1814 102.02689 9
210030000 210269 1536.5636 1348.0092 100.410225 84
210030000 210269 1559.0465 1434.8184 108.12237 11
210030000 210269 1658.4641 1335.4412 105.99695 78
210030000 210269 1700.748 1703.2908 100.79675 14
210030000 210269 1553.3397 1442.8435 107.542465 41
210030000 210269 1623.0165 1336.0377 100.56589 92
210030000 210269 1776.6344 1356.2825 104.12066 18
210030000 210269 1844.7789 1461.202 101.82751 42
210030000 210269 1761.2125 1351.4398 104.69418 108
210030000 210269 1549.5786 1580.6527 101.38426 59
210030000 210269 1694.3969 1697.3285 101.375 40
210030000 210269 1836.8219 1437.1339 103.8945 62
210030000 210269 1777.0447 1328.1785 102.761154 1
210030000 210269 1816.4619 1516.9539 105.3864 66
210030000 210269 1533.261 1556.7654 101.8147 18
210030000 210269 1841.0338 1433.9288 103.49577 23
210030000 210269 1505.0371 1394.6377 102.91022 115
210030000 210269 1821.7954 1617.7355 100.375 62
210030000 210269 1824.7402 1387.6632 100.724785 96
210030000 210269 1735.6476 1655.6812 102.852974 49
210030000 210269 1697.1929 1353.3901 106.81445 10
210030000 210269 1730.3198 1634.4542 104.383255 67
210030000 210269 1492.191 1382.6138 101.65142 97
210030000 210269 1653.5936 1327.3849 105.584564 80
210030000 210269 1805.2258 1533.8336 104.13179 9
210030000 210269 1532.8511 1482.5309 104.31776 93
210030000 210269 1581.6385 1296.3331 101.77082 92
210030000 210269 1822.0531 1395.2789 100.90655 19
210030000 210269 1556.2302 1580.4543 101.76477 76
210030000 210269 1799.9972 1530.932 104.04178 45
210030000 210269 1528.2046 1555.9059 101.863235 65
210030000 210269 1701.4546 1354.8643 106.338104 6
210030000 210269 1588.9224 1323.8535 101.384705 2
210030000 210269 1801.2755 1627.2621 100.7836 70
210030000 210269 1850.3407 1447.3854 102.58241 18
210030000 210269 1725.7832 1629.2427 105.953064 64

# Gumi
210030000 210342 1509.7623 1235.8297 103.21359 32
210030000 210342 1566.1688 1058.4187 100.92227 47
210030000 210342 1519.5051 1124.837 100.43814 35
210030000 210342 1542.2292 1062.9227 100.94201 96
210030000 210342 1521.4556 1141.8588 100.33869 80
210030000 210342 1595.2472 1024.7831 101.20295 114
210030000 210342 1531.4381 1225.7085 111.2331 80
210030000 210342 1591.9003 1014.991 100.72507 86
210030000 210342 1587.3583 1034.396 101.04692 105
210030000 210342 1523.6823 1158.2594 100.42056 29
210030000 210342 1523.3813 1111.9674 101.554634 16
210030000 210342 1513.8256 1242.6392 107.07257 112
210030000 210342 1532.1906 1242.1001 110.1848 26