# Monster spawns by Darkwolf999.
# Still Some Mobs Missing 
# When I Have More Info I Will Add Them,
# Remember The Spawns Need A Little Rework Later.
# Updated Missing Spawns By DPGuide.
# mapid npcid x z y heading

# Aldelle Basin Sprigg Workers
220010000 210364 631.9706 2776.6418 294.9599 64
220010000 210363 620.1947 2805.0093 294.31192 79
220010000 210363 636.44727 2790.8142 294.755 24
220010000 210363 600.904 2841.1316 299.15344 74
220010000 210364 615.4837 2824.768 297.15726 19
220010000 210364 636.8318 2807.431 295.65784 74
220010000 210363 630.71375 2819.3892 296.50403 89
220010000 210363 622.83673 2803.3257 294.33286 109
220010000 210364 637.889 2816.4387 296.0 10
220010000 210363 639.08856 2777.6675 295.02078 85

# Aldelle Basin Highland Sparkle
220010000 210645 585.02783 2794.1394 299.13025 91
220010000 210645 581.2985 2797.3193 299.79514 117
220010000 210645 619.06287 2868.6797 310.4306 63
220010000 210645 632.8363 2850.7568 305.5473 46
220010000 210645 664.87787 2809.0557 298.47226 14
220010000 210645 653.05743 2801.8264 296.76086 59
220010000 210645 660.68555 2791.8123 297.92957 79

# Aldelle Basin Hill Sparky
220010000 210649 648.1278 2790.1567 296.39896 1

# Aldelle Hill Sprigg Workers
220010000 210364 486.09204 2845.8042 304.232 38
220010000 210364 485.95798 2752.1477 289.89084 5
220010000 210364 546.3785 2739.9246 298.14865 11
220010000 210364 528.9619 2747.8694 294.61206 14
220010000 210363 472.29102 2875.0908 308.69318 116
220010000 210363 455.79062 2774.7488 288.875 84
220010000 210363 427.1857 2839.6328 296.0 31
220010000 210363 453.01004 2865.8293 308.81186 74
220010000 210363 459.5986 2781.4878 288.875 97
220010000 210363 484.64334 2870.956 308.48483 8
220010000 210363 469.9154 2770.8442 288.94724 114
220010000 210363 415.67703 2834.8901 296.02017 51
220010000 210363 424.60867 2828.6836 295.79272 87
220010000 210363 463.4862 2876.2065 308.75 58
220010000 210363 468.67163 2763.1157 289.292 58
220010000 210364 534.1882 2724.2546 296.60007 90
220010000 210364 535.93713 2738.283 294.77753 115
220010000 210364 524.3686 2733.649 294.19412 100
220010000 210364 549.3983 2737.245 298.25696 105
220010000 210364 389.76816 2811.4968 297.79266 55
220010000 210364 435.03375 2761.8892 288.5 81
220010000 210364 433.77756 2808.8337 291.74313 17
220010000 210363 268.7661 2581.615 290.20212 74
220010000 210363 357.23383 2817.5894 303.87155 73
220010000 210363 258.27643 2812.8962 311.98703 104
220010000 210363 368.1563 2837.63 304.11523 112
220010000 210363 178.08995 2573.0303 302.30316 118
220010000 210363 145.85593 2560.2598 307.89124 49
220010000 210363 481.8304 2884.809 308.6756 96
220010000 210363 472.79553 2869.3367 308.4088 23
220010000 210363 280.7029 2555.1567 289.78033 99
220010000 210363 598.62775 2857.0632 301.72656 100
220010000 210363 473.32376 2771.3604 289.20773 97
220010000 210363 279.69534 2530.6526 290.20117 70
220010000 210363 166.54913 2695.6023 303.83685 7
220010000 210363 351.3927 2844.6804 307.28198 112
220010000 210363 466.5675 2867.9343 308.71863 56
220010000 210363 153.23958 2630.281 306.63223 92
220010000 210363 192.22873 2542.243 303.09552 105
220010000 210363 374.60898 2826.3274 302.97446 90
220010000 210363 456.95282 2874.8674 308.6359 72
220010000 210363 136.14554 2616.1255 308.11215 65
220010000 210363 607.98706 2821.4492 297.68195 102
220010000 210363 209.64903 2546.8228 301.74246 3
220010000 210363 139.56364 2552.431 309.02762 89
220010000 210363 166.93372 2694.2244 304.45447 7
220010000 210363 292.83545 2562.0671 287.8666 114
220010000 210363 429.42264 2814.6016 293.00864 43
220010000 210363 227.38347 2816.8843 314.2718 89
220010000 210363 155.54584 2672.9253 304.87393 86
220010000 210363 159.0938 2602.2112 310.84714 35
220010000 210363 473.70557 2886.617 308.95212 45
220010000 210363 413.4554 2838.638 296.19415 12
220010000 210363 300.71866 2564.9084 287.70636 114
220010000 210363 141.62004 2540.4338 308.85126 89
220010000 210363 175.1064 2559.3035 303.05585 99
220010000 210363 576.0552 2863.2039 305.42386 62
220010000 210363 347.57327 2837.9067 305.86588 59
220010000 210363 340.7697 2829.993 306.48022 61
220010000 210363 262.39062 2818.0105 312.32617 86
220010000 210363 312.08405 2532.1208 290.8681 91
220010000 210363 291.3487 2529.3794 288.90707 21
220010000 210363 483.69006 2877.2598 308.75 75
220010000 210363 252.89508 2830.6826 314.61172 85
220010000 210363 212.27264 2526.9502 301.1307 108
220010000 210363 466.86023 2765.4075 289.0908 38
220010000 210363 364.46765 2829.0723 304.25 74
220010000 210363 471.99823 2761.2727 289.5793 7
220010000 210363 237.74965 2812.8582 313.40628 107
220010000 210363 123.74464 2661.923 306.22925 14
220010000 210363 390.54437 2804.1602 296.8399 45
220010000 210363 152.74823 2648.4038 305.25 102
220010000 210363 478.8954 2893.7314 310.43884 114
220010000 210363 316.75616 2550.326 288.375 91
220010000 210363 149.01703 2536.4243 308.50626 89
220010000 210363 418.83353 2822.4575 294.99628 53
220010000 210363 584.1791 2858.7358 302.10318 62
220010000 210363 162.83421 2542.9314 306.61893 60
220010000 210363 185.21048 2544.2317 303.47958 105
220010000 210363 406.09967 2835.725 296.91882 82
220010000 210363 367.48407 2717.702 294.3019 88
220010000 210363 458.9242 2784.1477 288.89346 53
220010000 210363 460.9899 2893.3364 308.8954 100
220010000 210363 267.97165 2582.1094 290.25354 74

# Aldelle Hill Sprigg Fighter
220010000 210727 444.12946 2782.9436 289.86795 47
220010000 210727 459.11276 2776.1846 288.875 109
220010000 210727 232.11623 2818.528 313.86774 10
220010000 210727 236.0535 2824.5994 313.91248 83
220010000 210727 426.31802 2837.1023 296.0 66
220010000 210727 637.7972 2806.8933 295.7113 36
220010000 210727 185.84108 2556.8564 302.19647 89
220010000 210727 593.1347 2863.683 303.375 1
220010000 210727 147.84468 2549.6724 308.97952 98
220010000 210727 357.8768 2828.6558 304.375 81
220010000 210727 634.8507 2814.2524 296.0 97
220010000 210727 466.04135 2874.2676 308.75 4
220010000 210727 349.05453 2720.9644 289.56027 19
220010000 210727 630.96356 2772.2727 295.10797 17
220010000 210727 145.18976 2657.056 305.6013 77
220010000 210727 304.48154 2551.0479 288.25 67
220010000 210727 138.06189 2648.8665 305.875 11
220010000 210727 167.93484 2573.7595 303.5 89

# Aldelle Hill Highland Sparkle
220010000 210646 174.46144 2650.1929 302.31732 111
220010000 210645 639.1638 2865.4546 309.3569 113
220010000 210645 615.4425 2878.2039 313.25174 28
220010000 210645 639.9181 2838.4958 300.3532 11
220010000 210646 399.57147 2808.6646 295.38544 94
220010000 210646 405.59586 2793.4875 293.0862 41
220010000 210646 431.79468 2783.8376 289.6047 114
220010000 210646 405.50098 2753.2756 290.40292 63
220010000 210645 440.81494 2627.6416 280.51553 88
220010000 210645 418.4108 2563.3938 276.3716 44
220010000 210645 462.207 2621.5408 282.2343 74
220010000 210645 589.99896 2557.8381 277.3955 49
220010000 210645 585.1054 2565.7102 277.64313 87
220010000 210645 373.59122 2563.0505 278.27554 17
220010000 210645 447.7352 2601.5742 276.39154 114
220010000 210645 462.084 2601.3306 274.4827 113
220010000 210645 479.0213 2596.6804 271.26865 104
220010000 210645 464.68338 2623.974 282.617 97
220010000 210645 381.18076 2558.115 277.625 4
220010000 210645 446.4206 2632.3337 283.52728 100
220010000 210645 403.57877 2563.9595 277.125 43
220010000 210645 461.10077 2615.7437 280.48868 86
220010000 210645 579.0564 2564.8022 277.50705 106
220010000 210645 465.1402 2583.0515 274.56662 110
220010000 210645 227.89932 2548.3994 298.3001 111
220010000 210645 231.77943 2527.3823 298.1388 111
220010000 210645 116.893234 2673.6748 309.44025 106
220010000 210645 239.05206 2532.796 297.8655 111
220010000 210645 461.08435 2556.7178 273.5325 105
220010000 210645 325.85538 2581.8586 282.85632 11
220010000 210645 208.51712 2526.3975 302.83093 111
220010000 210645 233.80563 2541.242 299.79117 111
220010000 210645 329.62308 2605.1755 277.4928 9
220010000 210645 263.42554 2809.7217 311.3761 69
220010000 210645 244.19547 2525.0396 296.9878 111
220010000 210645 116.4176 2670.4443 308.21667 106
220010000 210645 327.454 2591.4614 280.6899 11
220010000 210645 236.37741 2529.1206 297.64786 111

# Aldelle Hill Hill Sparky
220010000 210649 176.76593 2640.4724 302.91116 94
220010000 210649 440.29196 2716.7285 291.3269 71
220010000 210649 490.7799 2828.434 301.23352 98
220010000 210649 457.1375 2718.1733 289.39667 116
220010000 210649 434.19705 2739.9783 289.76367 50
220010000 210649 445.0892 2618.7925 279.868 42
220010000 210649 563.89075 2530.3386 270.67352 113
220010000 210649 465.99527 2536.3586 273.45517 112
220010000 210649 419.95932 2592.2903 276.56696 72
220010000 210649 531.39795 2601.3977 276.8871 32
220010000 210649 523.1463 2604.7703 276.79294 32
220010000 210649 526.97766 2573.8088 271.0561 32
220010000 210649 544.1709 2533.2676 267.875 55
220010000 210649 439.03598 2615.9539 278.6106 37
220010000 210649 461.56528 2543.5361 273.0 107
220010000 210649 412.17743 2608.277 282.07578 48
220010000 210649 428.07507 2573.8972 275.1139 87
220010000 210649 481.68237 2526.6375 274.4803 44
220010000 210649 479.88083 2551.254 272.50354 68
220010000 210649 405.4165 2613.047 281.59442 37
220010000 210649 388.0871 2562.0005 277.87506 36
220010000 210649 463.72223 2630.231 283.04916 97
220010000 210649 508.90295 2532.8518 270.15564 0
220010000 210649 420.2287 2589.5828 275.97394 34
220010000 210649 431.10193 2571.7405 274.6684 62
220010000 210649 532.12665 2577.4297 270.57352 32
220010000 210649 161.95071 2643.7036 303.88425 112
220010000 210649 152.9331 2601.7334 309.23328 92
220010000 210649 277.23843 2526.8455 290.83997 70
220010000 210649 228.20729 2537.57 298.11108 1
220010000 210649 221.6638 2542.771 298.8069 1
220010000 210649 238.73216 2532.1082 297.80252 94
220010000 210649 159.25864 2618.4587 308.43164 96
220010000 210649 304.4103 2841.159 310.33652 28
220010000 210649 271.08835 2516.7327 293.09305 70
220010000 210649 166.67267 2708.217 303.9157 45
220010000 210649 399.58798 2574.879 278.00034 20
220010000 210649 285.23972 2515.253 290.1717 70
220010000 210649 420.0298 2591.9285 276.36902 88
220010000 210649 335.8201 2583.1316 281.05707 114
220010000 210649 274.65134 2521.913 291.742 70
220010000 210649 394.92728 2560.0254 277.5016 116
220010000 210649 289.29056 2830.285 308.11627 54
220010000 210649 368.80756 2540.7483 286.0037 91
220010000 210649 398.10526 2562.7869 277.4176 116
220010000 210649 410.59354 2595.6968 277.1734 99
220010000 210649 313.72208 2839.712 310.53687 109
220010000 210649 326.83228 2595.6934 279.6706 88
220010000 210649 289.05978 2516.5007 290.6749 19
220010000 210649 422.70502 2588.8008 276.1693 97
220010000 210649 169.38428 2715.784 305.01147 34
220010000 210649 431.2172 2583.0422 275.4673 99
220010000 210649 366.4623 2545.7107 284.71402 91
220010000 210649 339.87656 2750.2642 291.30725 12
220010000 210649 352.1073 2755.5835 294.02087 54
220010000 210649 316.7813 2749.7505 293.6975 111
220010000 210649 329.45825 2773.8816 300.90146 83
220010000 210649 312.62048 2753.9495 293.12265 111

# Aldelle Hill Squzeu Ironfist
220010000 210648 223.71182 2552.766 297.88116 21

# Aldelle Hill Bucktoothed Snuffler
220010000 210365 565.9113 2819.4976 304.47415 11
220010000 210365 577.2901 2817.4712 303.63632 7
220010000 210365 496.28537 2833.773 302.3004 89
220010000 210365 486.02194 2808.0088 297.62885 88
220010000 210365 509.3959 2840.5244 303.53278 10
220010000 210365 500.98154 2825.5703 300.38495 39
220010000 210365 568.61993 2808.556 302.85022 25
220010000 210365 499.62927 2804.117 298.13962 118
220010000 210366 206.17688 2783.5828 310.23102 22
220010000 210366 211.45842 2768.5854 307.26862 1
220010000 210366 194.86035 2766.2024 306.32123 62
220010000 210366 187.09651 2774.3398 307.1979 52
220010000 210365 380.24265 2572.2507 279.92136 50
220010000 210365 386.33698 2572.4358 280.17947 50
220010000 210365 367.8142 2572.7283 279.59097 37
220010000 210365 205.54082 2785.9158 311.0357 42
220010000 210365 339.02246 2616.8376 278.61032 12
220010000 210365 329.27454 2656.105 279.27777 15
220010000 210365 333.40225 2599.023 277.62213 113
220010000 210365 261.95502 2640.525 287.375 14
220010000 210365 260.53574 2641.8176 287.375 14
220010000 210365 196.42664 2777.8225 306.92172 74
220010000 210365 388.5559 2585.5227 277.9811 29
220010000 210365 282.93085 2641.7056 286.77408 118
220010000 210365 184.0763 2715.6316 304.05115 68
220010000 210365 270.3351 2605.4797 287.6424 119
220010000 210365 274.88693 2638.3018 287.7677 118
220010000 210365 168.21864 2700.0269 303.15402 68
220010000 210365 207.85028 2778.2705 308.84964 42
220010000 210365 269.47546 2603.775 287.92947 119
220010000 210365 377.55795 2610.698 277.22824 104
220010000 210365 320.0339 2621.0264 280.18045 43
220010000 210365 368.17294 2556.4556 279.71786 106
220010000 210365 351.16028 2564.9702 279.87057 106
220010000 210365 278.5751 2644.005 286.21252 119
220010000 210365 277.94754 2620.2556 286.43604 86
220010000 210365 380.79858 2570.6182 279.6042 43
220010000 210365 353.45593 2605.4216 277.5349 111
220010000 210365 276.79022 2621.807 287.01624 85
220010000 210365 369.65436 2597.1265 280.0388 104
220010000 210365 330.16135 2602.116 277.59033 115
220010000 210365 379.91855 2665.3386 280.14026 103
220010000 210365 241.60855 2595.1099 297.23926 13
220010000 210365 363.02612 2616.294 277.0 21
220010000 210365 348.36722 2666.1335 278.97705 15
220010000 210365 212.92548 2755.0984 305.2578 86
220010000 210365 358.01968 2559.0679 281.2099 106

# Lake Tunapre Lake Brax
220010000 210370 469.62848 2223.0354 249.75 87
220010000 210370 470.10236 2216.6333 250.07903 73
220010000 210370 487.46127 2162.9915 247.5 32
220010000 210370 615.99365 2231.3489 247.62341 94
220010000 210370 609.3516 2104.93 247.72699 62
220010000 210370 486.79132 2113.5728 247.5 12
220010000 210370 477.03452 2136.1235 247.5 118
220010000 210370 624.18005 2198.8447 247.5 37
220010000 210370 582.0794 2127.7764 247.5 14
220010000 210370 512.71857 2190.4966 247.5 33
220010000 210370 663.89984 2199.8262 248.4549 104
220010000 210370 464.94867 2138.1343 248.40018 14

# Lake Tunapre Lake Calf
220010000 210650 468.37378 2218.0603 250.0 46
220010000 210650 488.42267 2165.077 247.5 107
220010000 210650 514.02673 2189.5479 247.5 31
220010000 210650 462.7138 2139.669 248.52716 2
220010000 210650 622.49695 2198.219 247.5 35
220010000 210650 625.48224 2199.6235 247.5 35
220010000 210650 477.5955 2137.502 247.5 118
220010000 210650 607.62506 2107.4102 247.375 67
220010000 210650 613.8416 2230.1333 247.11667 94
220010000 210650 662.4435 2197.663 247.60953 105
220010000 210650 511.26883 2190.1729 247.4543 33
220010000 210650 476.59305 2134.0083 247.5 4
220010000 210650 485.34164 2115.3074 247.5 1
220010000 210650 583.41595 2126.8552 247.5 13
220010000 210650 488.28067 2111.9866 247.5 12
220010000 210650 617.5855 2232.34 248.00012 94
220010000 210650 606.9293 2103.1863 248.1365 51

# lake sparky
220010000 210373 452.36624 2449.1348 260.80408 20
220010000 210373 449.8369 2444.9958 261.25052 46
220010000 210373 464.2909 2423.5798 264.69547 44
220010000 210373 464.7613 2419.483 264.81216 39

# Lake Tunapre Web Slink
220010000 210374 470.84427 2264.8933 249.7167 50
220010000 210374 461.0097 2229.8335 249.5104 70
220010000 210374 490.1609 2262.162 248.625 107
220010000 210374 488.94333 2245.7737 248.19104 3
220010000 210374 464.19647 2268.2256 250.125 51
220010000 210374 471.43417 2238.6458 248.5 88
220010000 210374 478.6085 2223.2136 248.77223 113
220010000 210375 462.61795 2144.458 248.67276 61
220010000 210375 468.23724 2136.8777 248.09534 91
220010000 210375 470.68854 2148.1665 247.58197 107
220010000 210374 654.90326 2140.3638 248.44278 75
220010000 210374 626.24664 2228.1978 247.76862 96
220010000 210374 682.7142 2181.9688 248.58731 89
220010000 210374 678.7978 2166.794 247.84927 52
220010000 210374 619.7414 2231.898 248.3363 94
220010000 210374 635.2091 2122.6423 247.72672 55
220010000 210374 634.2861 2218.2668 247.67984 88
220010000 210374 675.2298 2191.5776 248.19952 100
220010000 210374 616.8696 2237.1711 247.51921 103
220010000 210374 645.2366 2130.0479 248.80316 77
220010000 210374 670.2667 2198.5342 248.49182 107
220010000 210374 635.57764 2208.5183 248.41481 92

# Lake Tunapre Hulking Pelleru
220010000 210590 575.8234 2250.5461 247.5 2
220010000 210590 512.9382 2226.29 247.25 13
220010000 210590 509.74243 2222.7156 247.375 5
220010000 210590 595.1705 2267.773 250.05405 94
220010000 210590 594.39777 2265.6482 249.39006 104
220010000 210590 591.2565 2227.9053 247.5 115
220010000 210590 579.50885 2188.7153 247.5 70

# Lake Tunapre Black Beak Airon
220010000 210372 521.5674 2196.905 247.5 45
220010000 210372 538.1224 2239.2659 247.5 92
220010000 210372 494.52478 2231.352 247.5 80
220010000 210372 500.40216 2275.7761 247.5 32
220010000 210372 533.16766 2226.2263 247.5 70
220010000 210372 534.7684 2210.4612 247.5 103
220010000 210372 537.4105 2257.6162 247.5 99
220010000 210372 522.8803 2274.5452 247.5 7
220010000 210372 536.5204 2193.9329 247.5 118
220010000 210372 538.6363 2262.2349 247.5 111
220010000 210372 521.21826 2235.4138 247.5 34
220010000 210372 560.74316 2184.136 247.5 113
220010000 210372 529.7896 2173.8845 247.5 22
220010000 210372 531.0326 2197.8489 247.5 27
220010000 210372 599.2673 2229.7078 247.5 112
220010000 210372 518.11304 2192.839 247.5 93
220010000 210372 600.9981 2232.3716 247.47678 106
220010000 210372 501.35782 2137.168 247.5 10
220010000 210372 580.7304 2144.2202 247.5 113
220010000 210372 539.8232 2188.9324 247.5 116
220010000 210372 519.2207 2205.6511 247.5 89
220010000 210372 502.7874 2127.8987 247.5 54
220010000 210372 531.5843 2147.9587 247.5 25
220010000 210372 569.7825 2136.0623 247.5 112
220010000 210372 567.9809 2157.7112 247.5 95
220010000 210372 589.7813 2188.8271 247.5 115
220010000 210372 547.9084 2180.7415 247.5 100
220010000 210372 517.05225 2178.8687 247.5 90
220010000 210372 618.59033 2202.9656 247.5 45
220010000 210372 600.9875 2177.4768 247.5 90
220010000 210372 486.6473 2136.8684 247.5 20
220010000 210372 532.55927 2122.745 247.5 17
220010000 210372 605.5408 2163.3594 247.5 99
220010000 210372 617.1229 2215.7668 247.38957 45
220010000 210372 507.114 2154.1394 247.5 82
220010000 210372 503.7872 2118.6138 247.5 62
220010000 210372 574.5274 2181.6772 247.5 110
220010000 210372 559.50006 2127.141 247.5 1
220010000 210372 489.25137 2127.8447 247.5 36
220010000 210372 508.96313 2124.0625 247.5 62
220010000 210372 497.3429 2118.2715 247.5 52
220010000 210372 527.8265 2163.63 247.5 49

# Lake Tunapre Gooey Sylphen
220010000 210381 743.1666 2169.2139 255.2217 32
220010000 210381 780.86273 2146.1384 258.64447 6
220010000 210381 762.9296 2138.2441 258.22595 73
220010000 210381 757.16376 2167.4429 256.87802 40
220010000 210381 767.1037 2149.007 256.7121 86
220010000 210381 745.28076 2135.307 255.36847 87
220010000 210381 766.996 2171.9033 257.36896 35
220010000 210381 806.5189 2232.2292 269.34256 93
220010000 210381 1175.981 2082.5833 261.01324 76
220010000 210381 883.8188 2255.0518 268.9041 59
220010000 210381 1073.2826 2104.4998 255.59377 64
220010000 210381 1159.7985 2179.501 256.0998 119
220010000 210381 854.7248 2205.4866 268.25568 72
220010000 210381 1053.0098 2097.0842 252.50244 61
220010000 210381 900.4515 2247.6567 266.9424 53
220010000 210381 1149.8918 2187.4702 255.61285 3
220010000 210381 935.65436 2271.868 264.14343 4
220010000 210381 1050.3645 2126.199 253.8453 100
220010000 210381 1193.191 2086.2656 260.5752 67
220010000 210381 1171.8289 2075.276 261.5692 71
220010000 210381 1199.704 2085.632 260.865 68
220010000 210381 1154.1697 2187.7712 255.5143 100

# Lake Tunapre Snapping Sparkle
220010000 210647 697.6658 2165.288 250.47334 28
220010000 210647 697.4964 2175.1843 250.5195 50
220010000 210647 703.99786 2154.2036 250.38759 111
220010000 210647 710.1324 2161.805 250.86673 115
220010000 210647 684.7531 2152.8933 248.5221 81
220010000 210647 637.3042 2110.6707 248.9146 18
220010000 210647 628.24023 2101.7969 249.0127 21
220010000 210647 661.72736 2133.4626 249.85126 20
220010000 210647 647.73395 2124.0571 249.2203 10
220010000 210647 619.73126 2097.505 249.40329 7

# Lake Tunapre Sprigg Gather
220010000 210368 451.21475 2236.328 250.0 12
220010000 210368 443.4544 2149.804 249.88725 77
220010000 210368 453.41818 2215.6545 249.88182 28
220010000 210369 430.04315 2244.1438 251.63489 32
220010000 210369 449.01685 2225.3474 249.66579 102
220010000 210369 451.0342 2172.0642 249.43938 28
220010000 210369 445.85913 2160.0903 249.75 52
220010000 210368 468.61734 2475.68 263.94925 81
220010000 210368 465.15384 2443.701 262.0721 11
220010000 210368 463.80557 2461.8823 261.74265 70

# Lake Tunapre Sprigg Sentry
220010000 210732 434.3842 2218.0928 249.75 21
220010000 210732 440.34976 2234.5298 249.53311 66
220010000 210732 441.8359 2222.6248 249.7212 98
220010000 210731 456.01663 2157.1921 249.67445 7
220010000 210731 444.45935 2171.2341 249.79843 43
220010000 210731 432.02002 2230.7012 249.75 102

# Lake Tunapre Worker Foreman
220010000 210653 391.96707 2248.484 251.875 80
220010000 210653 450.85687 2764.791 288.54944 61
220010000 210653 158.34155 2643.2449 304.4573 114
220010000 210653 257.4364 2811.2693 311.89978 107
220010000 210653 368.43582 2736.6455 290.1119 8
220010000 210653 304.07666 2566.991 287.43805 24

# wanderer sprigg (walking monster Lvl 1)
220010000 210729 326.27075 2813.8508 306.07422 113
220010000 210729 325.6603 2814.987 306.20792 119

# wanderer sprigg (walking monster LvL  2)
220010000 210730 324.87827 2813.5422 306.1665 119
220010000 210730 323.86118 2814.851 306.31186 118

# Munihele Forrest Grove Sparky
220010000 210734 967.76556 2169.0786 251.05759 40
220010000 210734 984.92413 2142.865 256.57047 118
220010000 210734 1008.87866 2159.9084 254.06064 77
220010000 210734 993.12 2161.7617 253.7248 20
220010000 210734 1012.014 2171.9407 254.13025 5
220010000 210734 964.9284 2144.8542 256.11237 91
220010000 210734 1035.5935 2221.754 261.04413 5
220010000 210734 984.03143 2334.4636 266.3369 87
220010000 210734 1023.8045 2222.758 260.15436 3
220010000 210734 1020.4548 2216.4834 259.564 25
220010000 210734 980.7692 2339.2024 266.5926 106
220010000 210734 974.8049 2339.7292 265.44177 107

# Munihele Forrest Hammer Hoof Durin
220010000 210591 1201.5043 2279.1265 262.25842 3
220010000 210591 1180.8918 2279.0493 262.5 67
220010000 210591 1171.0721 2292.822 263.35275 46
220010000 210591 1149.1261 2283.033 259.61334 69
220010000 210591 1185.8435 2290.4517 262.13477 47

# Munihele Forrest Falls Slink
220010000 210654 1019.58923 2041.0579 247.13223 88
220010000 210654 1005.0257 2050.6716 251.00928 37
220010000 210654 976.1918 2033.3975 247.83737 75
220010000 210654 985.78406 2041.7681 250.17752 29
220010000 210654 1014.8023 2048.1917 249.95885 52
220010000 210654 1005.63446 2039.756 247.86728 17
220010000 210654 953.34644 2013.7449 248.30876 85
220010000 210654 947.4062 2002.649 247.28381 87
220010000 210654 1119.2886 2048.8137 251.375 82
220010000 210654 945.99677 1994.9686 247.1248 57
220010000 210654 1110.0249 2041.2499 251.375 45
220010000 210654 1115.6677 2042.5048 251.375 64
220010000 210654 937.0564 1991.9982 247.0 17

# Munihele Forrest Shell Snuffler
220010000 210585 896.2773 2196.2776 266.1076 2
220010000 210585 849.4136 2188.3306 269.54797 54
220010000 210585 888.0258 2180.8286 266.00647 119
220010000 210585 879.5664 2191.756 265.31946 31
220010000 210585 870.63495 2171.1758 267.04562 59
220010000 210585 867.6629 2185.3936 267.09686 82
220010000 210586 884.3354 2205.852 264.88425 44
220010000 210586 873.1035 2208.4512 265.90247 71
220010000 210586 1230.7124 2146.9849 260.9744 7
220010000 210586 1162.3885 2186.3525 256.15155 68
220010000 210586 863.94727 2252.8591 268.2258 114
220010000 210586 1197.6555 2095.919 259.4016 14
220010000 210586 904.6786 2264.4426 269.7375 110
220010000 210586 1226.1875 2195.643 262.67126 109
220010000 210586 1223.8333 2157.3313 261.9897 82
220010000 210586 1171.4589 2079.62 260.571 19
220010000 210586 1038.6633 2230.2854 259.73154 22
220010000 210586 1116.3903 2183.8362 254.36172 44
220010000 210586 1037.2894 2211.9905 261.56998 44

# Munihele Forrest White Foot Daru
220010000 210377 909.38165 2166.7974 261.9768 54
220010000 210377 932.20306 2166.2046 255.3624 96
220010000 210377 939.60693 2197.283 257.716 12
220010000 210378 922.66644 2143.9685 255.875 111
220010000 210378 953.59546 2188.3474 256.125 7
220010000 210378 927.12787 2181.5254 258.44318 89
220010000 210378 843.1518 2251.062 269.10602 79
220010000 210378 804.8918 2219.5974 266.2465 95
220010000 210378 1026.5935 2306.1433 256.19794 6
220010000 210378 1105.8154 2342.6616 261.6596 93
220010000 210378 1164.206 2273.924 259.88788 94
220010000 210378 1097.8315 2358.5642 260.87317 40
220010000 210378 1069.531 2374.124 260.49225 83
220010000 210378 1110.9082 2305.27 259.40808 70
220010000 210378 1107.8517 2271.032 257.55524 114
220010000 210378 1149.938 2155.807 256.99182 116
220010000 210378 1065.4093 2155.5933 255.58502 1
220010000 210378 1093.4706 2330.3125 262.80286 117
220010000 210378 1037.4641 2306.7615 256.2835 98
220010000 210378 1175.2927 2263.3564 260.87103 49
220010000 210378 1115.9335 2189.5503 253.9229 102
220010000 210378 1071.9448 2149.708 254.0138 14
220010000 210378 1178.1804 2152.7751 254.304 8
220010000 210378 1077.1757 2103.8818 255.28085 62
220010000 210378 1096.5559 2264.1343 255.03076 14
220010000 210378 1107.4384 2321.0393 261.20013 17
220010000 210378 1096.1909 2272.8044 256.8619 61
220010000 210378 1104.0673 2147.036 254.45236 87
220010000 210378 1158.6649 2278.4658 259.69568 59
220010000 210378 1062.4791 2157.682 256.07492 1

# Munihele Forrest Cute Ribbit
220010000 203538 952.0441 2274.5288 264.375 100
220010000 203538 935.49976 2287.2786 265.56253 43
220010000 203538 957.3057 2305.9983 263.5489 0

# Munihele Forrest Strange Ribbit
# need right location
220010000 203537 925.5931 2289.4739 266.52542 59

# Anturoon Crossing Half Moon Daru
220010000 210379 949.64087 1965.0758 257.85596 13
220010000 210379 961.1733 1953.3513 260.51727 80
220010000 210379 949.673 1947.4395 256.53394 81
220010000 210379 966.02325 1972.844 260.70016 41
220010000 210379 975.84326 1957.8468 263.09583 32
220010000 210379 934.0461 1964.7422 255.06079 113
220010000 210379 835.3561 1977.5375 258.273 79
220010000 210379 847.45874 1985.2063 261.42462 21
220010000 210379 824.4632 1952.1958 262.7545 28
220010000 210379 841.2922 1994.269 257.96167 10
220010000 210379 821.4397 1951.9321 263.10504 30

# Anturoon Crossing Big Eye Sylphen
220010000 210399 971.85706 1904.7238 258.06906 73
220010000 210399 1016.5225 1888.9263 257.58313 36
220010000 210399 983.31036 1927.0664 257.379 115
220010000 210399 963.47253 1926.786 254.6405 16
220010000 210399 1015.38184 1906.2086 260.42322 22
220010000 210399 992.29346 1904.5044 258.11182 3
220010000 210399 1001.95996 1890.1711 258.6225 95
220010000 212617 886.93396 1892.0968 253.25 112
220010000 212617 881.4551 1953.9989 255.78406 113
220010000 212617 905.3975 2004.941 254.15994 9
220010000 212617 842.0809 1945.6576 261.7512 75
220010000 212617 931.9687 1927.7655 252.32712 111
220010000 212617 832.4754 1936.5621 263.3892 13
220010000 212617 885.30035 1894.9344 253.20627 112
220010000 212617 894.13885 1935.1268 255.52136 107
220010000 212617 903.5153 1884.6705 252.80841 100
220010000 212617 887.36774 1997.6885 254.66025 43

# Anturoon Crossing Carak Steeltooth
220010000 210390 1002.3703 1648.4476 256.60187 80
220010000 210390 1020.1546 1690.0029 258.1157 42
220010000 210390 1068.5137 1611.1752 258.8986 28
220010000 210390 1070.8196 1593.0912 258.4915 101
220010000 210390 1019.4164 1628.7245 256.93585 33
220010000 210390 1039.7454 1687.0542 257.8091 92
220010000 210390 1022.1113 1673.6187 257.7313 117
220010000 210390 1034.9565 1625.1055 258.61182 27

# Anturoon Crossing Skuld
220010000 204264 1070.5422 1786.9102 258.30655 10
220010000 204264 1107.1443 1769.3582 261.96454 110
220010000 204264 1090.0784 1774.2319 259.3605 98
220010000 204264 1066.887 1770.9425 258.0 60
220010000 204264 1094.9868 1763.5447 261.03275 65
220010000 204264 1095.8092 1784.0322 259.33737 23
220010000 204264 1081.8606 1776.3158 258.625 66

# Anturoon Crossing Eyvindr Peon
220010000 210735 1142.526 1806.5782 277.83588 74
220010000 210735 1138.8643 1791.8641 278.15356 98
220010000 210735 1152.0353 1815.5732 275.38162 119
220010000 210735 1119.5702 1841.082 270.76025 28
220010000 210735 1136.2653 1825.9084 274.14612 5
220010000 210735 1150.0897 1790.2081 279.39362 4
220010000 210735 1156.1547 1858.9491 255.75438 1
220010000 210735 1194.6881 1886.8232 257.5957 112

# Anturoon Crossing Eyvindr Sailer
220010000 210737 1130.1738 1791.5646 275.9403 49
220010000 210737 1100.8513 1837.518 266.77307 32
220010000 210737 1139.0626 1781.2793 278.9357 6
220010000 210737 1094.7471 1816.0693 266.18677 76
220010000 210737 1118.7144 1827.9324 270.22275 64
220010000 210737 1129.7577 1778.1018 276.83835 104
220010000 210737 1131.2208 1814.7781 273.65274 112
220010000 210736 1121.6409 1788.052 274.49033 79
220010000 210736 1107.2108 1827.0813 268.3703 72
220010000 210736 1117.895 1813.2267 270.4254 94
220010000 210736 1116.7157 1836.4227 270.45425 83
220010000 210737 1113.1912 1793.863 272.05634 84
220010000 210737 1229.1492 1876.8458 255.66318 57
220010000 210737 1202.2797 1863.3013 249.95795 22

# Anturoon Crossing Fang Karif
220010000 210389 1074.6099 1718.3925 266.16312 21
220010000 210389 1000.98486 1771.709 258.5182 98
220010000 210389 980.592 1778.8633 260.67896 58
220010000 210389 1073.3453 1706.4894 267.66632 76
220010000 210389 1071.1576 1746.4958 262.66635 35
220010000 210389 1012.9315 1810.7222 256.30185 110
220010000 210389 1091.5281 1721.2722 267.04547 77
220010000 210389 1086.0652 1735.575 264.88315 18
220010000 210389 1108.438 1697.6807 267.6672 104
220010000 210389 1110.026 1725.7157 269.0388 114
220010000 210389 1090.6398 1697.271 272.13562 61
220010000 210389 1006.061 1793.2028 255.23608 83

# Anturoon Crossing Woods Sparky
220010000 210387 891.797 1732.5378 261.50446 37
220010000 210387 887.39355 1783.3763 261.7879 58
220010000 210387 822.7488 1763.9832 262.62396 91
220010000 210387 902.3123 1754.7277 262.54382 11
220010000 210387 822.71466 1782.5367 265.8374 51
220010000 210387 837.1891 1777.604 263.60254 73
220010000 210387 922.4173 1776.4673 260.79364 105
220010000 210387 902.39886 1796.1948 262.0 71
220010000 210387 858.37 1783.7555 262.93848 28
220010000 210387 846.13074 1750.2764 261.67682 111
220010000 210387 872.3265 1767.3827 263.28378 68
220010000 210387 907.2064 1778.6255 261.2109 100
220010000 210387 862.98773 1728.1682 260.82224 97
220010000 210387 921.27704 1802.9219 262.6834 53
220010000 210387 936.324 1793.6259 261.28772 34
220010000 210387 884.3696 1728.0072 261.19656 3
220010000 210387 903.92053 1732.4451 261.94934 96
220010000 210387 888.39 1744.9325 262.7108 29
220010000 210386 966.54596 1806.7802 258.63785 107
220010000 210386 943.4576 1817.0624 258.3333 79
220010000 210386 982.1916 1820.3711 252.9177 108
220010000 210386 951.38586 1808.5103 258.15353 107
220010000 210386 968.4426 1827.9218 254.11658 9
220010000 210386 955.25507 1832.9688 258.03094 48
220010000 210389 964.36383 1901.4962 258.5744 107
220010000 210389 954.56244 1854.8752 253.71088 101
220010000 210387 1044.1301 2295.9438 256.26276 21
220010000 210387 1053.761 2359.483 262.0305 115
220010000 210387 1036.2437 2314.5208 256.21954 3
220010000 210387 1035.8864 2310.7937 256.3396 23
220010000 210387 1052.6724 2366.1975 262.92545 76
220010000 210387 1047.1713 2353.8525 261.21936 13

# Elroco
220010000 210338 1204.2643 2094.9895 259.67587 10
220010000 210338 1161.8235 2073.6685 259.89304 67
220010000 210338 1099.8816 2298.6165 258.0074 72
220010000 210338 888.2715 2261.9404 268.32037 56
220010000 210338 878.1249 2242.0176 268.09662 77
220010000 210338 1037.2236 2205.8503 260.02783 109
220010000 210338 1061.1613 2233.94 259.91476 21
220010000 210338 1118.3518 2186.7432 254.82608 19
220010000 210338 1132.8821 2190.3035 255.78616 3
220010000 210338 1116.1814 2147.3682 255.26134 98
220010000 210338 1097.236 2307.4092 258.36014 22
220010000 210338 1021.156 2218.475 259.84265 81
220010000 210338 914.31744 2249.7625 267.39218 51

# Anturoon Crossing Gray Bristle Brax
220010000 210652 1037.8684 1823.5541 254.90286 69
220010000 210652 1035.6658 1832.5232 254.60411 25
220010000 210652 1029.6555 1860.9476 255.39653 33
220010000 210652 1050.225 1848.6484 255.57207 27

# Anturoon Crossing Fluttering Sylph
220010000 210401 847.9499 1544.6437 280.33163 100
220010000 210401 799.9164 1534.5045 281.56177 79
220010000 210401 819.54724 1557.6377 279.0396 57
220010000 210401 829.6014 1552.3014 278.75 52
220010000 210401 812.0344 1523.2103 282.2377 107
220010000 210401 799.6476 1546.3407 283.10022 30
220010000 210401 816.5 1542.1471 280.67645 88
220010000 210401 843.03125 1560.4009 278.625 59

# Anturoon Crossing Corak Steel
220010000 210390 1032.9329 1650.4094 258.8423 18
220010000 210390 1046.7202 1609.5111 258.84628 46
220010000 210390 997.68164 1629.179 258.76743 84
220010000 210390 1059.8823 1606.1923 258.60052 18
220010000 210390 1078.9177 1603.4951 260.44614 24

# Anturoon Crossing Grave Sparkle
220010000 210402 770.87775 1778.2838 256.87335 44
220010000 210402 776.66113 1768.7017 255.5922 3
220010000 210402 795.3986 1757.7426 257.8351 12
220010000 210402 772.23755 1767.8229 254.69087 103
220010000 210402 786.4676 1769.8766 257.5138 56
220010000 210402 784.9414 1756.9799 254.61264 114

# Dubaru Vine Canyon Gray Mane Guard Fighter
220010000 210408 726.0802 1102.8248 313.17197 19
220010000 210408 668.753 1034.0044 313.87527 41
220010000 210408 735.6993 986.0817 322.13358 106
220010000 210408 744.6496 1050.0153 313.1656 35
220010000 210408 714.1271 1108.0593 311.02383 60
220010000 210408 647.037 1059.3407 313.10843 52
220010000 210408 719.3211 1114.8075 310.65137 39
220010000 210408 716.796 1093.9998 311.87503 81
220010000 210408 748.45276 1041.6517 314.47513 104
220010000 210408 743.2976 996.77155 320.03287 97
220010000 210408 756.3607 1056.6433 316.3755 115
220010000 210408 746.846 1061.2408 313.34735 4

# Dubaru Vine Canyon Gray Gray Mane Sentinel
220010000 210407 665.2425 882.2069 319.20444 41
220010000 210407 654.19507 945.89124 311.16437 94
220010000 210407 626.9935 890.9123 309.67438 24
220010000 210407 675.85803 908.06805 310.66562 13
220010000 210407 676.4476 1035.378 314.1228 24
220010000 210407 637.91705 907.49805 311.16086 29
220010000 210407 743.42065 1034.584 316.406 85

# Dubaru Vine Canyon Gray DunDun Sentinel
220010000 210396 671.95465 874.40784 319.84326 117
220010000 210396 651.6115 900.7992 310.51038 71
220010000 210396 682.0983 907.59644 310.33472 20
220010000 210396 640.0939 887.9148 309.22275 94
220010000 210396 694.7586 873.41595 316.40796 0
220010000 210396 621.40674 883.2602 309.71112 67
220010000 210396 664.73663 906.02185 310.45306 58
220010000 210396 678.91534 1024.1243 314.39548 107
220010000 210396 640.17944 1056.1799 312.89468 67
220010000 210396 628.3818 870.137 313.8941 54
220010000 210396 731.2947 993.09235 320.20273 114
220010000 210396 645.4062 865.74915 317.94955 107
220010000 210396 634.67316 872.7544 315.75015 1
220010000 210396 659.1206 877.82074 319.3417 52
220010000 210396 751.32025 1051.4655 315.16257 20
220010000 210396 643.76447 916.48706 310.9032 31
220010000 210396 693.49084 888.328 314.38297 38

# Dubaru Vine Canyon Gray Gray Mane Patrol
220010000 210407 740.12714 1064.2533 314.1548 40
220010000 210407 651.6818 961.9146 308.39102 102
220010000 210407 651.5349 863.29517 319.3806 80
220010000 210407 653.5915 907.5444 310.9105 29
220010000 210407 739.3942 1003.8283 318.82074 111
220010000 210407 676.4721 993.33234 310.8141 60
220010000 210407 631.0603 864.11957 314.87015 61
220010000 210407 645.1559 947.1805 311.44763 55
220010000 210407 645.98334 931.27075 311.75 20
220010000 210407 636.72943 895.0882 310.12274 7
220010000 210407 655.62006 870.83936 319.49536 76
220010000 210407 665.0987 899.3819 311.21133 110
220010000 210407 700.2963 884.0788 314.19315 99
220010000 210407 676.7584 868.39764 319.92755 77
220010000 210407 627.79895 876.29126 312.8509 34
220010000 210407 640.2015 1045.4325 313.35556 90
220010000 210407 723.9798 995.80884 320.78458 60
220010000 210407 647.4753 973.49146 305.78796 60
220010000 210407 686.49084 894.92017 311.405 101
220010000 210407 687.51605 877.201 317.36752 64
220010000 210407 661.80945 974.18884 308.29205 88
220010000 210407 681.7254 1007.4898 312.34567 95

# Dubaru Vine Canyon Gray Cruel Hatata
220010000 210409 676.45447 901.2601 310.48355 109
220010000 210409 666.1289 869.09314 320.16986 9

# Odella Plantation DunDun Sentry
220010000 210394 746.2239 1522.1112 292.86108 107
220010000 210394 623.845 1462.9187 294.1354 78
220010000 210394 678.51984 1508.8102 292.92743 68
220010000 210394 622.0384 1445.7434 294.8798 86
220010000 210394 718.1124 1517.9615 293.70782 30
220010000 210394 691.74164 1518.9454 295.19724 55
220010000 210394 664.93445 1524.73 292.09033 38
220010000 210394 616.4198 1423.269 298.4207 71
220010000 210394 620.11786 1454.4246 294.61765 4
220010000 210394 699.09796 1527.1173 295.4326 39
220010000 210394 609.1711 1448.0828 295.4397 28
220010000 210394 629.1667 1431.28 297.20792 100
220010000 210394 610.6652 1435.3353 296.83304 36
220010000 210394 709.43524 1543.4431 295.8755 5
220010000 210394 620.06775 1433.9556 296.63333 77
220010000 210394 725.66504 1535.6334 295.7166 105
220010000 210394 732.8456 1514.0488 292.7002 67
220010000 210394 706.85425 1503.8807 295.0149 77
220010000 210394 650.7614 1535.0522 294.14972 52

# Odella Plantation DunDun Farmer
220010000 210391 667.8715 1537.4473 294.51334 85
220010000 210391 669.66003 1545.4836 295.6532 57
220010000 210391 658.6535 1434.3734 296.11917 34
220010000 210391 637.0707 1482.1748 294.93982 3
220010000 210391 543.84784 1549.7251 316.019 67
220010000 210391 544.74817 1490.4225 309.20325 96
220010000 210391 610.3265 1542.6208 295.89542 63
220010000 210391 731.7703 1542.1317 295.88113 33
220010000 210391 651.35394 1416.765 297.0 71
220010000 210391 569.25653 1426.1322 309.8368 80
220010000 210391 558.9634 1547.8167 315.21564 24
220010000 210391 660.0276 1531.3091 293.07727 79
220010000 210391 650.47894 1476.2079 295.33206 90
220010000 210391 660.8165 1423.2327 297.01886 107
220010000 210391 556.40424 1550.6394 314.98944 44
220010000 210391 553.16077 1559.5869 315.7451 15
220010000 210391 647.72284 1454.0286 295.09213 49
220010000 210391 651.7778 1430.0323 297.13687 83
220010000 210391 552.77045 1510.3353 310.56287 89
220010000 210391 716.6217 1546.2035 295.91385 71
220010000 210391 726.4545 1545.846 295.875 52
220010000 210391 738.96014 1525.4855 292.59714 16
220010000 210391 659.87103 1467.0038 295.875 112
220010000 210391 608.66425 1553.1827 296.49045 31
220010000 210391 626.8242 1545.6531 296.77985 55
220010000 210391 544.79755 1499.3752 309.58594 66
220010000 210391 570.5501 1415.7806 309.77066 105
220010000 210391 664.08264 1445.3567 295.83997 18
220010000 210391 554.4582 1539.4077 315.2416 17
220010000 210391 507.2082 1382.0586 315.66718 59
220010000 210391 564.10565 1407.9224 310.125 77
220010000 210391 517.028 1414.9811 315.62613 61
220010000 210391 499.97153 1396.2961 315.30908 40
220010000 210391 508.48404 1407.8712 314.86694 73
220010000 210391 554.8309 1408.3088 310.54962 50
220010000 210391 727.5583 1510.4408 292.77762 52
220010000 210391 502.77936 1390.0562 315.3298 39
220010000 210391 544.77985 1505.5901 309.94876 24
220010000 210391 729.3652 1520.1052 292.7697 26
220010000 210391 516.43823 1381.7012 315.41235 95
220010000 210391 656.8284 1454.3009 295.8018 98
220010000 210391 558.99 1497.32 309.25125 41
220010000 210391 550.5826 1418.7306 310.0185 27
220010000 210391 645.02264 1420.5856 297.1616 116
220010000 210391 557.0375 1400.7979 311.25 114
220010000 210391 516.9077 1397.0741 314.55786 103
220010000 210391 507.82703 1399.7393 314.625 7
220010000 210391 540.8162 1416.7156 312.25122 66

# Odella Plantation Gray Mane Sentinel
220010000 210396 610.41003 1517.332 293.74048 53
220010000 210396 638.6086 1546.8298 297.28354 114
220010000 210396 603.76105 1551.536 296.288 44
220010000 210396 621.83014 1555.5436 296.98938 117
220010000 210396 619.69934 1536.8708 295.05902 25
220010000 210396 610.5995 1565.1873 297.19922 45

# Odella Plantation Gray Mane Fighter
220010000 210397 723.4428 1503.5905 294.06042 45
220010000 210397 685.0143 1542.3885 296.82285 73
220010000 210397 740.1564 1535.4073 295.01025 14
220010000 210397 685.22424 1384.0083 289.97247 72
220010000 210397 703.6763 1395.6333 288.67084 100

# Odella Plantation 1-Year-Old Ginseng Root
220010000 210595 569.9711 1439.8833 310.25 75

# Odella Plantation DunDun Watchtower Guard
220010000 210609 560.5105 1456.3275 317.6324 21
220010000 210609 457.72916 1440.0327 345.13004 76
220010000 210609 746.10974 1508.3667 299.28885 84

# Ishalgen Prison Camp Grave Sparkle
220010000 210403 561.1293 1933.6049 286.43445 48
220010000 210403 569.1429 1925.0867 285.26434 58
220010000 210403 574.827 1932.8473 286.7309 2
220010000 210403 589.5572 1924.1796 286.00598 9
220010000 210403 573.68896 1918.1871 284.7041 60
220010000 210403 582.2445 1923.9784 285.38623 58

# Ishalgen Prison Camp Thorny Hair Amphis
220010000 210404 622.586 1850.7919 279.31943 66
220010000 210404 669.09564 1804.249 271.23444 43
220010000 210404 568.0109 1833.3745 293.24228 103
220010000 210404 599.49615 1851.463 285.35373 50
220010000 210404 607.1612 1892.8502 282.6257 18
220010000 210404 592.7871 1915.1552 283.9702 51
220010000 210404 665.52014 1845.2501 275.90625 75
220010000 210404 593.38245 1874.465 283.99002 94
220010000 210404 655.1369 1818.2886 273.8975 53
220010000 210404 666.9228 1832.0507 273.21133 0
220010000 210404 580.73596 1918.4658 284.35812 60
220010000 210404 576.3765 1863.1082 288.1188 61
220010000 210404 655.7055 1827.0679 274.16342 37
220010000 210404 666.4758 1822.5872 272.38196 104
220010000 210404 649.279 1839.5054 274.42007 69
220010000 210404 662.26404 1815.4423 271.8053 79
220010000 210404 559.8688 1851.102 292.75 11
220010000 210404 674.7214 1812.1627 271.14532 26
220010000 210404 674.9628 1822.6288 272.40967 13
220010000 210404 677.05615 1798.1193 271.7566 26
220010000 210404 675.4364 1848.2535 276.0634 40
220010000 210404 681.0249 1835.661 274.64667 10
220010000 210404 612.96246 1905.7319 284.0868 27
220010000 210404 635.421 1852.5303 275.88562 48

# Ishalgen Prison Camp Vengeful Ghost
220010000 210592 583.72784 1890.9513 284.767 17
220010000 210592 577.33405 1897.612 285.31586 41
220010000 210592 577.4407 1853.2605 288.9011 60
220010000 210592 546.1688 1847.9066 294.48584 101
220010000 210592 557.1476 1888.519 285.4884 108
220010000 210592 534.3775 1922.8243 289.70117 71
220010000 210593 571.267 1869.23 288.25537 92
220010000 210592 576.6426 1887.9062 285.46436 4
220010000 210593 565.43866 1899.0428 284.48965 65
220010000 210593 568.9542 1879.0392 285.75043 1
220010000 210593 540.17596 1865.2544 293.62762 64
220010000 210592 576.66675 1879.6532 285.41666 60
220010000 210592 580.8906 1840.5472 290.11414 9
220010000 210592 601.7321 1842.2 286.77502 118
220010000 210592 572.23206 1898.2466 285.3596 57
220010000 210593 566.6971 1863.0569 291.04614 103
220010000 210593 552.1493 1866.8516 291.02777 60
220010000 210592 542.99023 1900.5876 289.24332 89
220010000 210592 549.2807 1927.9269 286.2149 38
220010000 210592 554.8394 1906.3806 284.52008 86
220010000 210592 566.85547 1885.5002 285.75 1
220010000 210592 588.023 1847.765 287.1368 25

# Ishalgen Prison Camp Cursed Kberun
220010000 210594 571.2673 1882.1464 285.71335 87
220010000 210594 562.38135 1892.8634 284.9631 80

# Obelisk
220010000 250093 587.95325 2466.6455 279.13333 97

# Trainig Dummy
220010000 700102 609.4572 2454.6704 280.5 46
220010000 700103 606.3851 2452.5564 280.5 40

# Ulgorn Fighter (Ulgorn Raider is the wrong name i think)
220010000 203505 608.534 2457.2844 280.5 99
220010000 203506 603.8317 2453.9119 280.29037 112

# ulgorn raider (fighting NPC)
220010000 203506 636.6038 2775.3313 295.03775 22
220010000 203506 596.19604 2864.5537 303.375 59
220010000 203506 636.0834 2810.9395 295.99902 74
220010000 203506 167.65308 2571.02 303.6225 27
220010000 203506 148.51956 2547.9836 308.87396 44
220010000 203506 356.13483 2826.6108 304.49158 30
220010000 203506 424.64194 2836.3926 296.0 6
220010000 203506 350.0478 2723.1504 289.6999 82
220010000 203506 184.73802 2554.8499 302.4469 30
220010000 203506 462.45886 2773.7969 288.9713 51
220010000 203506 469.7113 2874.9578 308.75 69
220010000 203506 140.30984 2650.579 305.8918 71
220010000 203506 234.13878 2821.836 313.76025 21
220010000 203506 301.15488 2550.2502 288.25 8

# Mailbox
220010000 700079 562.1119 2426.1196 278.5 25

# lil drake or what ever xD (Tamed Zaif)
220010000 203356 588.66974 2449.69 278.375 43

# Ulgorn Bandits (looks like the same NPCType then Farm Worker,
# but the NPC here will die  after 5 - 10 minutes,so mob´s spawn there,too)
220010000 203520 658.6556 2111.017 250.54097 73
220010000 203520 561.48676 2074.3237 253.80246 60
220010000 203521 613.8098 2071.2793 252.18193 73
220010000 203521 572.71783 2048.0242 256.375 64
220010000 203520 390.6109 2237.8704 251.875 30
220010000 203520 435.2955 2228.2458 249.75 61
220010000 203521 445.73843 2162.8813 249.71126 23

# Ulgorn Bandits (Walking NPC)
220010000 203505 164.83386 2693.845 304.518 11
220010000 203505 391.71545 2803.6228 296.34604 45
220010000 203505 270.84305 2583.644 289.91687 83
220010000 203505 391.08435 2802.949 296.3327 47
220010000 203505 606.6023 2822.2683 297.83734 102
220010000 203505 270.0811 2584.0276 289.98813 83
220010000 203505 607.34174 2822.9966 297.79114 102

# Sprig Fighter (spawns arround Ulgorn Bandits)
220010000 210727 590.42847 2054.2146 256.04468 23
220010000 210727 586.831 2045.5536 256.375 2
220010000 210727 579.202 2079.8865 253.91068 107
220010000 210727 638.6496 2098.7434 249.36914 22
220010000 210727 642.8697 2108.1362 249.7337 8
220010000 210727 567.8853 2050.197 256.5 112
220010000 210727 646.8603 2116.562 249.5373 7
220010000 210727 628.0614 2086.5806 251.34256 7
220010000 210727 570.7165 2090.9783 252.56929 26
220010000 210727 667.31805 2125.2705 250.7956 53
220010000 210727 616.3703 2090.5652 250.80023 7
220010000 210727 585.7821 2039.686 256.375 42
220010000 210727 567.62964 2077.262 253.75 75
220010000 210727 561.98474 2088.2312 252.0788 18
220010000 210727 608.35516 2068.693 252.52106 31
220010000 210727 632.04584 2106.925 248.82005 80
220010000 210727 556.6235 2082.679 252.54129 44
220010000 210727 579.2069 2088.6204 254.07332 72
220010000 210727 655.61743 2101.6807 250.375 57
220010000 210727 616.9155 2074.611 252.25 19
220010000 210727 650.1705 2104.532 250.375 106
220010000 210727 569.12134 2071.3733 253.75 54
220010000 210727 598.952 2054.2312 254.80704 11
220010000 210727 622.1254 2100.6855 249.16861 71
220010000 210727 610.5659 2081.0745 252.27606 33
220010000 210727 578.39056 2058.957 255.65479 84
220010000 210727 655.0894 2108.7434 250.44308 14
220010000 210727 578.27246 2048.3127 256.375 117
220010000 210727 666.61804 2116.5483 250.75 13
220010000 210727 552.6981 2076.3796 253.77373 83
220010000 210727 603.371 2093.6387 250.05829 63
220010000 210727 640.5695 2118.8945 248.74287 84
220010000 210727 607.72455 2058.878 252.87178 19
220010000 210727 440.41885 2224.724 249.67856 52
220010000 210727 449.1979 2166.6934 249.42513 78
220010000 210727 394.46948 2234.049 251.875 114
220010000 210727 394.37775 2244.7163 251.875 81
220010000 210727 386.40256 2232.123 251.875 22
220010000 210727 442.01797 2154.0857 249.86964 20
220010000 210727 430.84674 2230.2473 249.75 112

# Qooqoo
220010000 210340 430.15353 2295.0288 255.1893 89
220010000 210340 424.64145 2293.214 255.25 107
220010000 210340 427.9895 2297.9377 255.25 89
220010000 210340 428.17844 2292.091 255.13069 95
220010000 210340 427.36847 2295.2114 255.25 89
220010000 210340 432.62204 2285.1448 254.57991 89

# Floating Cargo Box
220010000 210637 1198.579 1832.241 247.25 24
220010000 210637 1161.7477 1905.3934 247.59346 99
220010000 210637 1185.6261 1824.2487 247.57826 98
220010000 210637 1155.1185 1901.748 247.33566 3
220010000 210637 1185.1486 1834.8488 247.125 98
220010000 210637 1162.3206 1892.8159 247.55397 89
220010000 210637 1197.1545 1821.677 247.65765 8
220010000 210637 1145.7327 1885.5891 247.25 35
220010000 210637 1149.1349 1895.5303 247.125 7
220010000 210637 1202.9547 1803.6417 246.9925 94

# Laborer (this one will walk arround this small place)
220010000 210706 544.9623 2554.9841 269.30344 74

# Laborer
220010000 203508 541.3861 2562.275 269.39218 25
220010000 203509 552.57874 2557.8943 270.27957 5

# Sprigg Worker - Mob - lvl 1 - 8
220010000 210363 620.1947 2805.0093 294.31192 79
220010000 210363 636.44727 2790.8142 294.755 24
220010000 210363 600.904 2841.1316 299.15344 74
220010000 210363 630.71375 2819.3892 296.50403 89
220010000 210363 622.83673 2803.3257 294.33286 109
220010000 210363 639.08856 2777.6675 295.02078 85
220010000 210363 472.29102 2875.0908 308.69318 116
220010000 210363 455.79062 2774.7488 288.875 84

# Sprigg Worker - Mob - lvl 1 - 8
220010000 210364 636.8318 2807.431 295.65784 74
220010000 210364 485.95798 2752.1477 289.89084 5
220010000 210364 637.889 2816.4387 296.0 10
220010000 210364 528.9619 2747.8694 294.61206 14
220010000 210364 486.09204 2845.8042 304.232 38
220010000 210364 631.9706 2776.6418 294.9599 64
220010000 210364 546.3785 2739.9246 298.14865 11
220010000 210364 615.4837 2824.768 297.15726 19

# Bucktoothed Snuffler - Mob - lvl 1 - 1
220010000 210365 565.9113 2819.4976 304.47415 11

# Bucktoothed Snuffler - Mob - lvl 1 - 1
220010000 210366 206.17688 2783.5828 310.23102 22

# Hill Sparkie - Mob - lvl 1 - 1
220010000 210367 545.38544 2690.468 304.1067 55

# Sprigg Gatherer - Mob - lvl 3 - 1
220010000 210368 451.21475 2236.328 250.0 12

# Sprigg Gatherer - Mob - lvl 3 - 2
220010000 210369 430.04315 2244.1438 251.63489 32
220010000 210369 449.01685 2225.3474 249.66579 102

# Lake Brax - Mob - lvl 3 - 1
220010000 210370 469.62848 2223.0354 249.75 87

# Lake Brax - Mob - lvl 3 - 2
220010000 210371 615.9846 2268.9128 247.30609 84
220010000 210371 648.9675 2299.743 254.32274 91

# Blackbeak Airon - Mob - lvl 3 - 1
220010000 210372 521.5674 2196.905 247.5 45

# Web Slink - Mob - lvl 3 - 1
220010000 210374 470.84427 2264.8933 249.7167 50

# Web Slink - Mob - lvl 3 - 2
220010000 210375 462.61795 2144.458 248.67276 61
220010000 210375 468.23724 2136.8777 248.09534 91

# Whitefoot Daru - Mob - lvl 4 - 1
220010000 210377 909.38165 2166.7974 261.9768 54

# Whitefoot Daru - Mob - lvl 5 - 2
220010000 210378 922.66644 2143.9685 255.875 111
220010000 210378 953.59546 2188.3474 256.125 7

# Half-Moon Daru - Mob - lvl 6 - 1
220010000 210379 949.64087 1965.0758 257.85596 13

# Gooey Sylphen - Mob - lvl 4 - 1
220010000 210380 791.1066 2160.8667 260.63333 41

# Gooey Sylphen - Mob - lvl 4 - 2
220010000 210381 743.1666 2169.2139 255.2217 32
220010000 210381 780.86273 2146.1384 258.64447 6

# Woods Sparkie - Mob - lvl 5 - 7
220010000 210386 966.54596 1806.7802 258.63785 107
220010000 210386 907.85223 1719.4587 265.884 86
220010000 210386 955.25507 1832.9688 258.03094 48
220010000 210386 943.4576 1817.0624 258.3333 79
220010000 210386 951.38586 1808.5103 258.15353 107
220010000 210386 982.1916 1820.3711 252.9177 108
220010000 210386 968.4426 1827.9218 254.11658 9

# Woods Sparkie - Mob - lvl 5 - 4
220010000 210387 891.797 1732.5378 261.50446 37
220010000 210387 887.39355 1783.3763 261.7879 58
220010000 210387 822.7488 1763.9832 262.62396 91
220010000 210387 902.3123 1754.7277 262.54382 11

# Fanged Karnif - Mob - lvl 6 - 4
220010000 210389 964.36383 1901.4962 258.5744 107
220010000 210389 954.56244 1854.8752 253.71088 101
220010000 210389 1074.6099 1718.3925 266.16312 21
220010000 210389 1000.98486 1771.709 258.5182 98

# Carak - Mob - lvl 8 - 2
220010000 210390 1002.3703 1648.4476 256.60187 80
220010000 210390 1020.1546 1690.0029 258.1157 42

# Dundun Farmer - Mob - lvl 7 - 29
220010000 210391 667.8715 1537.4473 294.51334 85
220010000 210391 669.66003 1545.4836 295.6532 57
220010000 210391 658.6535 1434.3734 296.11917 34
220010000 210391 637.0707 1482.1748 294.93982 3
220010000 210391 543.84784 1549.7251 316.019 67
220010000 210391 544.74817 1490.4225 309.20325 96
220010000 210391 610.3265 1542.6208 295.89542 63
220010000 210391 731.7703 1542.1317 295.88113 33
220010000 210391 651.35394 1416.765 297.0 71
220010000 210391 569.25653 1426.1322 309.8368 80
220010000 210391 558.9634 1547.8167 315.21564 24
220010000 210391 660.0276 1531.3091 293.07727 79
220010000 210391 650.47894 1476.2079 295.33206 90
220010000 210391 660.8165 1423.2327 297.01886 107
220010000 210391 556.40424 1550.6394 314.98944 44
220010000 210391 553.16077 1559.5869 315.7451 15
220010000 210391 647.72284 1454.0286 295.09213 49
220010000 210391 651.7778 1430.0323 297.13687 83
220010000 210391 552.77045 1510.3353 310.56287 89
220010000 210391 716.6217 1546.2035 295.91385 71
220010000 210391 726.4545 1545.846 295.875 52
220010000 210391 738.96014 1525.4855 292.59714 16
220010000 210391 659.87103 1467.0038 295.875 112
220010000 210391 608.66425 1553.1827 296.49045 31
220010000 210391 626.8242 1545.6531 296.77985 55
220010000 210391 544.79755 1499.3752 309.58594 66
220010000 210391 570.5501 1415.7806 309.77066 105
220010000 210391 664.08264 1445.3567 295.83997 18
220010000 210391 554.4582 1539.4077 315.2416 17

# Dundun Farmer - Mob - lvl 7 - 30
220010000 210392 519.59576 1385.7394 315.0163 79
220010000 210392 658.88513 1418.9454 297.1356 108
220010000 210392 509.4038 1409.9932 315.03683 118
220010000 210392 648.1015 1470.4781 295.57156 51
220010000 210392 546.1687 1544.0925 315.7279 10
220010000 210392 729.7947 1520.7275 292.8864 47
220010000 210392 563.65186 1401.4719 310.75 9
220010000 210392 558.8359 1407.3124 310.36572 13
220010000 210392 498.785 1389.4596 315.66718 117
220010000 210392 505.87793 1395.494 314.91425 116
220010000 210392 571.64484 1410.6888 310.1417 45
220010000 210392 663.82904 1532.016 293.377 112
220010000 210392 548.40045 1504.4016 309.75043 12
220010000 210392 657.76184 1456.5986 295.7351 88
220010000 210392 546.67004 1418.64 310.62436 116
220010000 210392 644.91364 1482.4347 295.25 76
220010000 210392 734.6896 1506.858 292.77536 63
220010000 210392 652.99915 1425.4164 297.0 76
220010000 210392 617.18555 1552.536 296.6991 71
220010000 210392 509.20364 1381.7656 315.6543 62
220010000 210392 654.14087 1478.9425 295.25 111
220010000 210392 623.5295 1558.5052 297.37717 68
220010000 210392 552.4018 1494.6292 309.2893 52
220010000 210392 610.99817 1549.5502 296.4438 108
220010000 210392 550.5416 1404.8711 311.37787 4
220010000 210392 720.2176 1552.5559 295.875 111
220010000 210392 667.35474 1539.9854 294.83282 50
220010000 210392 558.75885 1555.5615 315.1678 116
220010000 210392 519.19916 1402.2743 314.91705 68
220010000 210392 609.96875 1562.5444 296.7572 111

# Dundun Looklook - Mob - lvl 7 - 14
220010000 210393 675.70935 1417.4767 298.375 111
220010000 210393 530.42914 1404.057 316.59818 7
220010000 210393 613.1996 1495.9646 294.39786 32
220010000 210393 575.2965 1413.107 310.14868 62
220010000 210393 546.051 1537.3497 315.33423 34
220010000 210393 730.2019 1553.4617 296.43573 80
220010000 210393 652.4476 1464.5518 295.625 97
220010000 210393 576.1919 1563.4962 314.7086 115
220010000 210393 660.9331 1485.2812 295.66852 72
220010000 210393 539.5271 1510.0913 310.52853 106
220010000 210393 533.923 1481.442 312.66467 17
220010000 210393 674.3301 1540.8365 295.5208 72
220010000 210393 505.64316 1403.0056 314.85745 98
220010000 210393 605.4305 1534.4147 295.78558 20

# Dundun Looklook - Mob - lvl 7 - 26
220010000 210394 517.38257 1574.7839 324.449 112
220010000 210394 574.5837 1525.2885 314.125 18
220010000 210394 622.0384 1445.7434 294.8798 86
220010000 210394 664.93445 1524.73 292.09033 38
220010000 210394 509.78137 1553.2747 323.441 117
220010000 210394 732.8456 1514.0488 292.7002 67
220010000 210394 699.09796 1527.1173 295.4326 39
220010000 210394 718.1124 1517.9615 293.70782 30
220010000 210394 609.1711 1448.0828 295.4397 28
220010000 210394 691.74164 1518.9454 295.19724 55
220010000 210394 629.1667 1431.28 297.20792 100
220010000 210394 709.43524 1543.4431 295.8755 5
220010000 210394 623.845 1462.9187 294.1354 78
220010000 210394 610.6652 1435.3353 296.83304 36
220010000 210394 725.66504 1535.6334 295.7166 105
220010000 210394 635.90784 1531.1562 293.28906 44
220010000 210394 511.28586 1519.4253 326.4728 2
220010000 210394 746.2239 1522.1112 292.86108 107
220010000 210394 620.11786 1454.4246 294.61765 4
220010000 210394 616.4198 1423.269 298.4207 71
220010000 210394 761.81555 1536.1178 296.04193 8
220010000 210394 706.85425 1503.8807 295.0149 77
220010000 210394 650.7614 1535.0522 294.14972 52
220010000 210394 678.51984 1508.8102 292.92743 68
220010000 210394 620.06775 1433.9556 296.63333 77
220010000 210394 560.43085 1466.6326 310.644 10

# Gray Mane Stalker - Mob - lvl 7 - 4
220010000 210395 631.2792 1551.728 297.42096 80
220010000 210395 661.0521 1511.114 290.48962 99
220010000 210395 617.6864 1509.6185 292.60223 111
220010000 210395 698.88824 1546.1715 296.8036 101

# Gray Mane Stalker - Mob - lvl 7 - 10
220010000 210396 664.73663 906.02185 310.45306 58
220010000 210396 621.40674 883.2602 309.71112 67
220010000 210396 628.3818 870.137 313.8941 54
220010000 210396 640.0939 887.9148 309.22275 94
220010000 210396 640.17944 1056.1799 312.89468 67
220010000 210396 671.95465 874.40784 319.84326 117
220010000 210396 694.7586 873.41595 316.40796 0
220010000 210396 651.6115 900.7992 310.51038 71
220010000 210396 678.91534 1024.1243 314.39548 107
220010000 210396 682.0983 907.59644 310.33472 20

# Gray Mane Scratcher - Mob - lvl 7 - 4
220010000 210397 740.1564 1535.4073 295.01025 14
220010000 210397 685.0143 1542.3885 296.82285 73
220010000 210397 723.4428 1503.5905 294.06042 45
220010000 210397 703.6763 1395.6333 288.67084 100

# Gray Mane Scratcher - Mob - lvl 7 - 19
220010000 210398 569.7604 1543.1409 314.90497 67
220010000 210398 690.6151 1403.4456 288.6769 104
220010000 210398 529.5478 1437.4666 315.95978 1
220010000 210398 676.0822 1484.1102 288.7793 97
220010000 210398 577.1221 1450.8616 309.25104 23
220010000 210398 682.74384 1327.2861 299.58362 0
220010000 210398 561.6037 1499.0653 309.5666 99
220010000 210398 465.0392 1365.3972 331.07043 6
220010000 210398 537.71027 1390.3135 319.06918 21
220010000 210398 455.56427 1432.1295 338.25 104
220010000 210398 705.47266 1330.1313 299.25137 70
220010000 210398 583.48553 1477.5206 304.52917 15
220010000 210398 685.40137 1353.5988 292.1875 102
220010000 210398 702.8585 1411.4026 286.48367 83
220010000 210398 519.4797 1533.2214 318.96127 10
220010000 210398 534.9965 1525.3838 313.79883 8
220010000 210398 709.6056 1306.4762 302.6956 42
220010000 210398 516.6886 1335.2239 323.68033 40
220010000 210398 689.2455 1379.5151 290.7163 23

# Blue-eyed Sylphen - Mob - lvl 6 - 1
220010000 210399 971.85706 1904.7238 258.06906 73

# Blue-eyed Sylphen - Mob - lvl 6 - 1
220010000 210400 934.7861 1928.5947 252.92413 59

# Fluttering Sylphen - Mob - lvl 8 - 4
220010000 210401 829.6014 1552.3014 278.75 52
220010000 210401 799.9164 1534.5045 281.56177 79
220010000 210401 847.9499 1544.6437 280.33163 100
220010000 210401 819.54724 1557.6377 279.0396 57

# Grave Sparkle - Mob - lvl 7 - 1
220010000 210402 770.87775 1778.2838 256.87335 44

# Grave Sparkle - Mob - lvl 7 - 2
220010000 210403 569.1429 1925.0867 285.26434 58
220010000 210403 561.1293 1933.6049 286.43445 48

# Thorned Ampha - Mob - lvl 7 - 8
220010000 210404 593.38245 1874.465 283.99002 94
220010000 210404 669.09564 1804.249 271.23444 43
220010000 210404 665.52014 1845.2501 275.90625 75
220010000 210404 592.7871 1915.1552 283.9702 51
220010000 210404 568.0109 1833.3745 293.24228 103
220010000 210404 607.1612 1892.8502 282.6257 18
220010000 210404 622.586 1850.7919 279.31943 66
220010000 210404 599.49615 1851.463 285.35373 50

# Thorned Ampha - Mob - lvl 7 - 12
220010000 210405 539.5327 1913.888 288.24884 4
220010000 210405 589.3123 1801.1184 306.7972 0
220010000 210405 535.03906 1899.1865 290.67096 116
220010000 210405 586.1707 1717.4412 330.83054 64
220010000 210405 529.4707 1821.5477 300.55652 29
220010000 210405 542.5947 1748.6315 318.45706 37
220010000 210405 570.0301 1741.5426 324.83954 79
220010000 210405 536.04456 1753.5938 317.07895 20
220010000 210405 553.5616 1922.6593 285.4436 105
220010000 210405 450.31946 1922.2567 307.58508 116
220010000 210405 449.65482 1953.0863 307.55392 81
220010000 210405 530.4569 1856.3337 296.47913 94

# Dundun Lookout - Mob - lvl 9 - 8
220010000 210406 717.6879 1079.7733 314.5922 29
220010000 210406 660.35095 981.16565 306.3063 76
220010000 210406 663.54926 1044.6104 313.7629 101
220010000 210406 747.64136 1018.1542 318.3622 46
220010000 210406 735.8896 988.3843 322.40033 36
220010000 210406 681.3495 1009.20734 312.20935 101
220010000 210406 710.1544 993.85034 322.8934 13
220010000 210406 642.7996 972.32825 306.57956 116

# Gray Mane Patrol - Mob - lvl 9 - 21
220010000 210407 665.2425 882.2069 319.20444 41
220010000 210407 676.7584 868.39764 319.92755 77
220010000 210407 676.4476 1035.378 314.1228 24
220010000 210407 676.4721 993.33234 310.8141 60
220010000 210407 700.2963 884.0788 314.19315 99
220010000 210407 631.0603 864.11957 314.87015 61
220010000 210407 653.5915 907.5444 310.9105 29
220010000 210407 665.0987 899.3819 311.21133 110
220010000 210407 636.72943 895.0882 310.12274 7
220010000 210407 654.19507 945.89124 311.16437 94
220010000 210407 627.79895 876.29126 312.8509 34
220010000 210407 637.91705 907.49805 311.16086 29
220010000 210407 743.42065 1034.584 316.406 85
220010000 210407 651.5349 863.29517 319.3806 80
220010000 210407 651.6818 961.9146 308.39102 102
220010000 210407 645.1559 947.1805 311.44763 55
220010000 210407 739.3942 1003.8283 318.82074 111
220010000 210407 740.12714 1064.2533 314.1548 40
220010000 210407 675.85803 908.06805 310.66562 13
220010000 210407 655.62006 870.83936 319.49536 76
220010000 210407 626.9935 890.9123 309.67438 24

# Gray Mane Strongfur - Mob - lvl 9 - 12
220010000 210408 756.3607 1056.6433 316.3755 115
220010000 210408 647.037 1059.3407 313.10843 52
220010000 210408 716.796 1093.9998 311.87503 81
220010000 210408 714.1271 1108.0593 311.02383 60
220010000 210408 726.0802 1102.8248 313.17197 19
220010000 210408 668.753 1034.0044 313.87527 41
220010000 210408 719.3211 1114.8075 310.65137 39
220010000 210408 748.45276 1041.6517 314.47513 104
220010000 210408 743.2976 996.77155 320.03287 97
220010000 210408 735.6993 986.0817 322.13358 106
220010000 210408 746.846 1061.2408 313.34735 4
220010000 210408 744.6496 1050.0153 313.1656 35

# Hatata the Torturer - Mob - lvl 10 - 2
220010000 210409 676.45447 901.2601 310.48355 109
220010000 210409 666.1289 869.09314 320.16986 9

# Arma Snuffler - Mob - lvl 4 - 1
220010000 210585 896.2773 2196.2776 266.1076 2

# Arma Snuffler - Mob - lvl 4 - 2
220010000 210586 906.8528 2151.903 260.24417 72
220010000 210586 942.09125 2141.343 255.75389 32

# Blackbeak Airon - Mob - lvl 3 - 1
220010000 210589 527.22815 2258.9941 247.5 92

# Hulker - Mob - lvl 4 - 2
220010000 210590 575.8234 2250.5461 247.5 2
220010000 210590 512.9382 2226.29 247.25 13

# Hammerhoof - Mob - lvl 6 - 2
220010000 210591 1201.5043 2279.1265 262.25842 3
220010000 210591 1180.8918 2279.0493 262.5 67

# Vengeful Ghost - Mob - lvl 7 - 1
220010000 210592 583.72784 1890.9513 284.767 17

# Vengeful Ghost - Mob - lvl 7 - 1
220010000 210593 571.267 1869.23 288.25537 92

# Rusty Threehands - Mob - lvl 8 - 2
220010000 210594 571.2673 1882.1464 285.71335 87
220010000 210594 562.38135 1892.8634 284.9631 80

# Rooty - Mob - lvl 1 - 2
220010000 210595 519.35504 1431.7115 316.69592 95
220010000 210595 569.9711 1439.8833 310.25 75

# Dundun Highsitter - Mob - lvl 8 - 6d
220010000 210609 750.9163 1511.5951 297.71768 7
220010000 210609 746.10974 1508.3667 299.28885 84
220010000 210609 560.5105 1456.3275 317.6324 21
220010000 210609 556.0472 1453.3789 316.06128 57
220010000 210609 457.72916 1440.0327 345.13004 76
220010000 210609 461.98187 1437.7612 342.19144 107

# Highland Sparkle - Mob - lvl 1 - 1
220010000 210645 585.02783 2794.1394 299.13025 91

# Highland Sparkle - Mob - lvl 1 - 2
220010000 210646 174.46144 2650.1929 302.31732 111
220010000 210646 399.57147 2808.6646 295.38544 94

# Snapping Sparkle - Mob - lvl 4 - 2
220010000 210647 697.6658 2165.288 250.47334 28
220010000 210647 628.24023 2101.7969 249.0127 21

# Squzii Ironfist - Mob - lvl 2 - 1
220010000 210648 223.71182 2552.766 297.88116 21

# Hill Sparkie - Mob - lvl 1 - 2
220010000 210649 648.1278 2790.1567 296.39896 1
220010000 210649 176.76593 2640.4724 302.91116 94

# Graybristle Brax - Mob -lvl 5 - 1
220010000 210652 1037.8684 1823.5541 254.90286 69

# Falls Slink - Mob - lvl 5 - 2
220010000 210654 1005.0257 2050.6716 251.00928 37
220010000 210654 1019.58923 2041.0579 247.13223 88

# Fanged Karnif - Mob - lvl 6 - 8
220010000 210655 846.2954 1537.905 280.82318 46
220010000 210655 1057.3877 1600.216 258.84256 51
220010000 210655 1039.1603 1662.0995 258.5525 71
220010000 210655 862.08484 1573.1918 280.6995 0
220010000 210655 1036.3093 1705.971 257.74817 81
220010000 210655 1011.1933 1619.8866 257.98004 14
220010000 210655 1066.4545 1610.6997 258.83942 82
220010000 210655 1012.1319 1651.6719 256.75824 110

# Sprigg Fighter - Mob - lvl 1 - 10
220010000 210727 147.84468 2549.6724 308.97952 98
220010000 210727 637.7972 2806.8933 295.7113 36
220010000 210727 593.1347 2863.683 303.375 1
220010000 210727 444.12946 2782.9436 289.86795 47
220010000 210727 185.84108 2556.8564 302.19647 89
220010000 210727 426.31802 2837.1023 296.0 66
220010000 210727 357.8768 2828.6558 304.375 81
220010000 210727 236.0535 2824.5994 313.91248 83
220010000 210727 459.11276 2776.1846 288.875 109
220010000 210727 232.11623 2818.528 313.86774 10

# Sprigg Fighter - Mob - lvl 1 - 12
220010000 210728 546.0525 2754.5798 297.5428 81
220010000 210728 241.26991 2827.1636 314.29755 102
220010000 210728 492.31326 2707.328 295.1054 65
220010000 210728 612.69464 2071.2686 252.25 34
220010000 210728 137.4099 2550.742 309.2869 68
220010000 210728 171.33113 2574.926 303.36575 115
220010000 210728 428.62323 2200.8364 258.5 23
220010000 210728 574.90063 2048.2651 256.375 34
220010000 210728 433.2381 2228.7048 249.75 27
220010000 210728 659.81287 2117.4834 250.66203 96
220010000 210728 653.3804 2106.9714 250.43929 87
220010000 210728 248.98422 2826.8396 314.29343 80

# Sprigg Sentry - Mob - lvl 3 - 1
220010000 210731 456.01663 2157.1921 249.67445 7

# Sprigg Sentry - Mob - lvl 3 - 1
220010000 210732 434.3842 2218.0928 249.75 21

# Sprigg Gatherer Supervisor - Mob - lvl 4 - 1
220010000 210733 400.53226 2218.3557 256.47778 27

# Grove Sparkie - Mob - lvl 4 - 2
220010000 210734 984.92413 2142.865 256.57047 118
220010000 210734 967.76556 2169.0786 251.05759 40

# Eyvindr Peon - Mob - lvl 5 - 1
220010000 210735 1142.526 1806.5782 277.83588 74

# Eyvindr Peon - Mob - lvl 6 - 9
220010000 210736 1121.6409 1788.052 274.49033 79
220010000 210736 1107.2108 1827.0813 268.3703 72
220010000 210736 1140.4731 1839.7863 266.15363 42
220010000 210736 1202.3872 1863.4873 249.95795 29
220010000 210736 1154.4937 1789.8951 279.80515 69
220010000 210736 1143.3121 1826.2402 274.89 98
220010000 210736 1210.3705 1881.3755 254.669 74
220010000 210736 1116.7157 1836.4227 270.45425 83
220010000 210736 1117.895 1813.2267 270.4254 94

# Eyvindr Sailor - Mob - lvl 5 - 4
220010000 210737 1100.8513 1837.518 266.77307 32
220010000 210737 1094.7471 1816.0693 266.18677 76
220010000 210737 1130.1738 1791.5646 275.9403 49
220010000 210737 1139.0626 1781.2793 278.9357 6

# Eyvindr Sailor - Mob - lvl 5 - 8
220010000 210738 1205.8767 1872.0757 250.95691 28
220010000 210738 1175.6293 1856.9015 247.8544 1
220010000 210738 1154.5831 1858.3364 256.46826 8
220010000 210738 1223.2644 1881.4629 254.7996 67
220010000 210738 1166.8003 1809.3215 277.58038 16
220010000 210738 1184.4962 1867.1926 249.55338 67
220010000 210738 1130.3069 1848.506 267.87247 38
220010000 210738 1143.5527 1793.1161 279.05566 4

# Graybristle Brax - Mob - lvl 5 - 2
220010000 210748 1065.2091 1810.601 261.01233 58
220010000 210748 1089.2457 1823.6592 265.125 40

# Gray Mane Stalker - Mob - lvl 7 - 16
220010000 210750 655.1432 1051.4185 313.39984 101
220010000 210750 708.37714 1000.3026 321.68173 107
220010000 210750 725.1887 1128.602 307.7771 18
220010000 210750 724.105 998.5732 320.625 113
220010000 210750 669.5565 1333.1061 299.59686 112
220010000 210750 696.98285 1422.4442 288.27026 12
220010000 210750 741.3522 1181.3481 310.12726 78
220010000 210750 689.7745 993.05493 314.75955 45
220010000 210750 713.1089 1289.892 304.6942 36
220010000 210750 715.70844 1428.2759 285.5531 43
220010000 210750 737.9155 1161.8787 302.9878 77
220010000 210750 737.46497 1077.4425 316.92438 116
220010000 210750 724.1731 1082.6896 313.16382 66
220010000 210750 738.64935 1138.811 304.47635 30
220010000 210750 636.44666 1043.4122 313.43347 34
220010000 210750 760.6309 1051.1235 316.85956 48

# Gray Mane Stalker - Mob - lvl 9 - 11
220010000 211284 669.91766 985.98676 309.73538 18
220010000 211284 662.50726 972.27765 308.8056 29
220010000 211284 650.26056 892.42944 311.7831 54
220010000 211284 696.44073 893.8935 312.5802 57
220010000 211284 665.36584 859.84735 321.18344 35
220010000 211284 686.69727 898.61536 310.98694 8
220010000 211284 638.6305 864.33826 316.98575 40
220010000 211284 651.0568 972.9209 305.56744 19
220010000 211284 646.0645 930.82965 311.75 26
220010000 211284 651.7223 888.9347 314.56497 50
220010000 211284 661.49634 894.0979 312.9513 34

# Ishalgen Abyss Gate - Mob - lvl 1 - 1
220010000 700084 667.6347 848.7933 322.4057 34

# Sprigg Grain Sack - Mob - lvl  - 13
220010000 700093 435.489 2217.4807 249.75 23
220010000 700093 440.8795 2173.8052 249.86282 4
220010000 700093 429.82477 2292.2712 255.13596 118
220010000 700093 397.37662 2338.734 260.20172 105
220010000 700093 383.71707 2232.3806 251.875 8
220010000 700093 587.486 2040.527 256.375 119
220010000 700093 660.5146 2116.6958 250.58698 50
220010000 700093 425.01147 2225.904 249.75 24
220010000 700093 577.85187 2046.7106 256.375 32
220010000 700093 439.01822 2155.1738 249.75 5
220010000 700093 659.1241 2108.305 250.36642 11
220010000 700093 388.7119 2250.9326 251.875 107
220010000 700093 612.68274 2066.6917 252.25 11

# Training Dummy - Mob - lvl 1 - 6
220010000 700102 609.4572 2454.6704 280.5 46

# Fruit Basket - Mob - lvl   - 23
220010000 700124 163.68942 2579.4478 303.6099 114
220010000 700124 303.0662 2546.6392 288.25 31
220010000 700124 244.53058 2829.6455 314.93353 35
220010000 700124 136.74693 2550.3318 309.3283 23
220010000 700124 479.09354 2898.931 311.62555 94
220010000 700124 164.4841 2537.206 307.0 29
220010000 700124 365.48346 2833.8755 304.25 27
220010000 700124 139.89871 2657.0125 306.3923 98
220010000 700124 187.15334 2555.95 302.32523 48
220010000 700124 355.93024 2725.5034 289.77753 49
220010000 700124 295.95554 2544.9824 288.25 29
220010000 700124 227.7885 2826.0 314.25 105
220010000 700124 422.49847 2837.7441 296.21 34
220010000 700124 537.1402 2815.0215 307.9385 30
220010000 700124 529.6484 2748.113 294.70605 53
220010000 700124 636.4875 2778.2183 294.986 108
220010000 700124 476.56546 2722.3582 292.8432 44
220010000 700124 456.9324 2776.683 288.875 98
220010000 700124 492.15164 2877.9395 309.28 103
220010000 700124 599.3237 2843.729 300.0299 116
220010000 700124 596.3719 2870.159 303.375 39
220010000 700124 264.21985 2710.9604 292.51895 25
220010000 700124 544.6986 2731.912 298.09283 92

# Ampreh Flower - Mob - lvl 1 - 21
220010000 700125 595.7114 2246.756 247.5 21
220010000 700125 657.6072 2190.834 247.5 21
220010000 700125 638.9084 2134.2136 247.43178 101
220010000 700125 541.6023 2253.621 247.26 21
220010000 700125 494.2542 2136.582 247.5 21
220010000 700125 576.9407 2136.353 247.26 21
220010000 700125 611.46 2114.233 247.5 21
220010000 700125 507.7571 2233.791 247.39018 21
220010000 700125 561.7109 2118.93 247.5 21
220010000 700125 536.7924 2134.3105 247.5 111
220010000 700125 529.0639 2222.961 247.5 60
220010000 700125 612.1631 2258.61 247.3852 29
220010000 700125 609.6758 2139.426 247.5 27
220010000 700125 590.5984 2166.052 247.26001 21
220010000 700125 491.6509 2114.095 247.26 21
220010000 700125 546.5397 2111.144 247.64478 21
220010000 700125 613.5958 2213.441 247.375 21
220010000 700125 518.8187 2189.773 247.5 21
220010000 700125 517.61444 2287.9 247.5 53
220010000 700125 661.9561 2154.55 247.5 21
220010000 700125 552.9287 2192.5657 247.5 26

# Jewel Box - Mob - lvl 1 - 2
220010000 700127 1088.2112 1605.567 260.2516 115

# Methu Egg - Mob - lvl   - 2
220010000 700128 716.9511 1461.7794 287.1998 70
220010000 700128 691.72754 1465.9468 284.89536 6

# Dundun Urn - Mob - lvl 1 - 34
220010000 700129 687.3692 1523.17 295.29468 35
220010000 700129 566.93 1435.36 309.90408 35
220010000 700129 693.1049 1544.2522 296.8288 78
220010000 700129 491.7776 1423.9159 317.63892 2
220010000 700129 670.1389 1429.0496 297.69928 51
220010000 700129 516.67 1427.32 316.16687 35
220010000 700129 460.3242 1438.795 338.25 53
220010000 700129 510.58945 1442.45 317.625 106
220010000 700129 695.7641 1500.3909 295.5 17
220010000 700129 674.6953 1439.104 297.63498 35
220010000 700129 505.47247 1556.9838 322.99756 35
220010000 700129 498.06 1532.6 323.6375 35
220010000 700129 534.76 1539.13 317.41748 35
220010000 700129 458.28 1362.53 331.96686 42
220010000 700129 528.2492 1502.1442 311.03622 71
220010000 700129 659.8 1404.19 298.5205 45
220010000 700129 521.67 1490.6 312.845 35
220010000 700129 623.6832 1520.493 292.68665 35
220010000 700129 711.897 1521.846 294.01 35
220010000 700129 559.69 1533.1 314.93533 35
220010000 700129 521.0176 1451.0115 317.625 68
220010000 700129 577.7483 1526.6375 314.125 90
220010000 700129 451.78802 1423.1041 335.08282 102
220010000 700129 571.20514 1409.3094 310.24347 30
220010000 700129 635.6879 1528.9113 293.0195 89
220010000 700129 630.68 1493.22 292.0975 35
220010000 700129 622.11115 1421.5581 298.50696 55
220010000 700129 495.76096 1328.0829 326.0 22
220010000 700129 741.81665 1515.6345 292.54578 72
220010000 700129 613.2394 1442.7043 295.05457 13
220010000 700129 632.38 1435.02 296.41 35
220010000 700129 620.90375 1463.949 294.9435 119
220010000 700129 519.5461 1383.063 315.24213 56
220010000 700129 606.09 1446.54 296.45374 35

# Training Dummy - Mob - lvl 3 - 2
220010000 700132 617.34674 2454.5435 280.59103 62
220010000 700132 606.0597 2464.1511 280.36554 82

# Map of Eyvindr - Mob - lvl 1 - 2
220010000 700139 1206.294 1885.246 256.0 101