# Monster spawns by Darkwolf999.
# Still Some Mobs Missing 
# When I Have More Info I Will Add Them,
# Remember The Spawns Need A Little Rework Later.
# mapid npcid x z y heading

# Brusthonin
220050000 213871 2360.2786 2241.5098 26.391708 109
220050000 213873 2064.198 2036.3081 31.762375 74
220050000 213911 2410.2507 2412.5637 16.796646 81
220050000 213870 2225.307 2263.8457 39.783676 98
220050000 213877 2381.3333 1966.4597 14.762939 43
220050000 213877 2313.729 1740.7777 30.233063 40
220050000 213849 2656.0586 2086.6345 26.37004 18
220050000 213846 2608.5386 1698.181 20.362297 112
220050000 213847 2837.5337 1851.6533 27.175812 87
220050000 213854 2861.6667 1814.2981 29.356369 10
220050000 213897 2732.696 2158.6255 25.584808 98
220050000 213907 2579.029 1930.8151 21.263374 4
220050000 213871 2259.9187 2196.2249 35.600784 37
220050000 213889 2726.9326 1326.7858 16.482399 90
220050000 213885 2697.4753 1681.8766 23.542053 3
220050000 213854 2318.0942 2468.9106 21.233551 35
220050000 213846 2595.0315 1686.4594 22.864326 82
220050000 213873 2087.3716 2056.0227 31.110077 119
220050000 213885 2496.607 1661.8597 16.1717 117
220050000 213873 2064.714 2161.6067 24.883896 49
220050000 213846 2781.5278 1926.5834 21.75 93
220050000 213868 2539.0483 2042.4763 22.494019 4
220050000 213896 2594.4329 2200.3374 18.125 33
220050000 213872 2267.2966 2372.8628 21.740036 56
220050000 213846 2775.9563 1969.9415 21.264618 18
220050000 213850 2724.556 2007.0581 23.784744 44
220050000 213885 2446.2483 1634.6584 22.25 48
220050000 213891 2459.9014 1646.008 21.880661 115
220050000 213871 2026.5553 2389.357 19.333237 2
220050000 213885 2443.4695 1610.393 24.659393 66
220050000 213877 2197.191 1889.1858 26.852097 23
220050000 213885 2491.3433 1577.0961 19.9691 65
220050000 213874 2003.6703 2337.2632 13.809204 53
220050000 213873 2076.6296 2011.9231 30.636047 51
220050000 213854 2726.0408 1852.6617 23.494904 36
220050000 213891 2670.0444 1641.247 23.11898 65
220050000 213854 2856.1013 1762.691 21.993668 62
220050000 213894 2955.299 2497.3394 9.918808 36
220050000 213877 2289.0356 1754.2445 29.655563 42
220050000 213868 2527.2595 2034.98 21.73616 28
220050000 213885 2631.4824 1688.3018 21.401978 59
220050000 213911 2679.2954 1998.2917 20.613876 77
220050000 213854 2375.9646 2429.2163 17.353058 109
220050000 213870 2243.8843 2152.7747 40.632233 103
220050000 213891 2491.3232 1601.761 19.001892 76
220050000 213854 2871.0334 1766.8895 23.040161 95
220050000 213872 2443.514 2350.4736 16.84462 108
220050000 213862 2446.6562 2213.3347 19.999176 69
220050000 213885 2582.951 1659.3799 26.309433 7
220050000 213911 2540.225 2353.9897 18.568085 39
220050000 213885 2603.7764 1667.2529 28.69043 10
220050000 213884 1845.5013 2440.66 14.125 38
220050000 213850 2858.3706 1987.0333 24.375 30
220050000 213875 2423.315 1903.4937 26.457184 86
220050000 213894 2914.3704 2466.7405 13.61113 32
220050000 213885 2678.0107 1653.0321 19.065178 53
220050000 213844 2682.0247 2323.752 24.86258 38
220050000 213871 2055.0784 2509.9783 23.875 12
220050000 213868 2252.6453 2159.4053 37.288025 72
220050000 213877 2302.2544 1862.7737 24.13739 59
220050000 213873 2024.939 2297.652 17.99237 14
220050000 213873 2061.4849 2030.1923 31.149033 82
220050000 213854 2508.057 1952.6395 24.286415 60
220050000 213877 2116.9229 1814.607 26.269287 69
220050000 213846 2551.2737 1757.8163 23.920395 1
220050000 213885 2664.4597 1631.6661 25.138 81
220050000 213911 2658.2334 2217.5776 17.401398 13
220050000 213875 2450.6304 1933.2506 25.508072 26
220050000 213891 2586.3306 1679.777 23.236557 64
220050000 213885 2425.8218 1645.3615 23.004646 29
220050000 213846 2592.2341 1750.946 17.544495 1
220050000 213872 2373.3777 2386.5671 16.125 117
220050000 213854 2742.113 1796.3488 24.096138 89
220050000 213891 2535.4707 1512.6309 18.183838 118
220050000 213846 2598.4348 1737.7744 15.957703 93
220050000 213873 2012.1738 2289.4944 18.115128 91
220050000 213843 2592.8208 2402.6624 27.0802 1
220050000 213879 1961.1571 2583.0159 39.375 97
220050000 213871 1926.232 2280.5486 15.943573 15
220050000 213873 2074.9082 2039.4362 29.146523 25
220050000 213875 2334.6482 1900.7374 27.027245 108
220050000 213883 1953.3398 2595.1643 39.41626 31
220050000 213871 2276.707 2126.8433 38.00757 105
220050000 213891 2498.9543 1558.2406 18.535278 86
220050000 213891 2539.696 1464.9547 25.549011 6
220050000 213854 2718.741 1790.6598 22.178879 31
220050000 213877 2246.156 1737.9808 29.86525 90
220050000 213845 2526.5032 1872.0974 23.681015 92
220050000 213865 2222.498 2155.53 44.27762 109
220050000 213854 2750.7668 1838.605 22.0 35
220050000 213885 2702.8547 1663.6313 25.43924 88
220050000 213843 2742.7893 2242.1958 23.31157 91
220050000 213875 2442.281 1901.7186 26.535149 1
220050000 213877 2372.8308 1841.1935 24.60537 40
220050000 213897 2662.779 2155.3489 19.75 35
220050000 213846 2611.6995 1744.7411 17.059898 11
220050000 213877 2322.7058 1954.4694 27.154556 90
220050000 213911 2734.302 2180.6804 25.457474 34
220050000 213889 2719.0293 1340.4774 16.345161 27
220050000 213861 2464.857 2209.8652 17.920135 95
220050000 213865 2191.2761 2138.5198 44.5 36
220050000 213885 2660.4255 1619.9052 25.526596 84
220050000 213871 2430.1985 2248.1658 20.89981 116
220050000 213877 2227.2212 1838.4268 31.124023 65
220050000 213911 2694.9229 2077.4355 22.887878 107
220050000 213894 2951.309 2481.0276 10.5 35
220050000 213844 2689.8557 2303.6577 24.801804 66
220050000 213877 2385.6807 1972.4019 14.875 10
220050000 213845 2563.9473 1866.7062 24.047432 15
220050000 213859 2046.3461 2137.4778 24.75 65
220050000 213896 2804.4058 2206.8123 30.203018 84
220050000 213844 2716.1504 2209.6792 20.477448 9
220050000 213877 2098.751 1815.8151 26.816505 6
220050000 213875 2300.6707 1750.0498 29.628113 3
220050000 213885 2472.12 1563.2152 23.541542 81
220050000 213871 2388.442 2258.0093 20.24884 12
220050000 213911 2444.4993 2448.5835 24.161652 85
220050000 213854 2519.0657 1882.8168 23.831299 109
220050000 213877 2320.2817 1931.5607 27.5 78
220050000 213859 2069.449 2088.949 27.34056 119
220050000 213891 2518.023 1388.4053 30.912323 114
220050000 213885 2643.0066 1673.0577 22.109741 49
220050000 213849 2634.7002 2057.6628 24.064835 100
220050000 213883 1938.1941 2586.1724 39.477097 67
220050000 213889 2738.6096 1364.2987 25.515182 18
220050000 213885 2481.0613 1590.5454 21.5 0
220050000 213894 2988.9822 2482.7922 8.700485 114
220050000 213871 2392.8027 2199.9749 25.226059 46
220050000 213877 2370.4346 1989.0175 15.095657 52
220050000 213885 2462.595 1629.5618 22.12085 29
220050000 213870 2285.0596 2153.3066 39.14789 81
220050000 213854 2843.6184 1945.8003 24.363632 40
220050000 213854 2853.5288 1745.65 22.0 97
220050000 213911 2719.0657 2153.7305 25.5 14
220050000 213846 2798.9675 1927.2129 20.193588 49
220050000 213871 2433.1426 2232.1897 20.815445 90
220050000 213885 2469.1877 1590.0159 21.874008 18
220050000 213875 2354.6865 1895.0531 27.417908 38
220050000 213884 1995.7191 2481.0227 18.982445 0
220050000 213875 2444.3752 1967.7037 25.23642 42
220050000 213859 2063.6191 2103.806 27.375 83
220050000 213843 2609.032 2393.2695 26.864151 109
220050000 213891 2471.2214 1704.9066 19.375 51
220050000 213894 2993.3665 2501.1487 5.903412 36
220050000 213877 2187.0725 1896.3019 26.268867 44
220050000 213885 2539.9656 1570.4912 20.80925 108
220050000 213881 1934.4683 2478.2031 17.25 39
220050000 213855 2715.524 2220.595 20.154755 40
220050000 213874 2078.9497 2433.9556 25.39444 111
220050000 213898 2606.846 2350.4448 24.722198 1
220050000 213891 2466.2178 1628.251 21.517761 107
220050000 213891 2524.6748 1466.5917 23.417175 112
220050000 213883 1966.5015 2506.0383 18.629791 89
220050000 213885 2555.6572 1646.0105 22.812042 11
220050000 213875 2345.128 1911.3041 27.23899 39
220050000 213846 2568.7664 1673.209 23.42598 79
220050000 213877 2378.6082 1982.7596 14.922478 0
220050000 213877 2275.1665 1739.1323 29.837646 71
220050000 213911 2399.5457 2413.229 16.33519 64
220050000 213877 2186.6843 1875.2542 29.057617 99
220050000 213850 2686.5852 2012.0289 21.32315 56
220050000 213854 2849.7695 1978.8011 25.40812 52
220050000 213874 2086.9797 2441.4512 22.411606 22
220050000 213877 2259.046 1703.3423 30.125 99
220050000 213879 2007.082 2510.5405 19.760193 33
220050000 213871 2175.9817 2287.421 38.87729 117
220050000 213877 2400.0806 1992.1335 15.885071 26
220050000 213873 2073.4297 2075.6423 28.245712 31
220050000 213885 2501.089 1767.5485 23.080185 80
220050000 213877 2177.5686 1860.9462 27.533691 54
220050000 213873 2032.6748 2245.905 21.957825 49
220050000 213891 2617.7195 1653.976 27.438347 71
220050000 213908 1893.0662 2287.147 18.0 80
220050000 213875 2447.4172 1915.557 25.295158 25
220050000 213854 2587.9517 1940.8367 21.375 66
220050000 730104 2027.2627 2242.1045 22.00653 65
220050000 213898 2589.5713 2348.8787 21.811111 26
220050000 213896 2547.4006 2163.5308 18.16246 56
220050000 213877 2318.9758 1860.6836 24.042572 61
220050000 213885 2703.4995 1639.9165 23.254944 82
220050000 213891 2460.6467 1634.5089 22.218193 96
220050000 213846 2523.7544 1736.0479 23.625 46
220050000 213870 2304.3882 2181.3943 39.25 31
220050000 213871 2279.9006 2138.9778 37.99379 25
220050000 213873 2018.5709 2310.343 18.0 65
220050000 213247 2165.7275 1868.783 26.642029 38
220050000 213885 2669.6316 1619.5912 25.898026 119
220050000 213885 2518.5486 1658.9093 20.761742 112
220050000 213874 2003.6874 2324.903 13.644539 25
220050000 213884 1924.2207 2459.361 17.25 79
220050000 213909 2060.7607 2096.3772 27.053879 92
220050000 213870 2242.9404 2272.2803 39.546326 11
220050000 213877 2289.9595 1932.6241 27.083084 60
220050000 213890 2724.9731 1268.6945 14.560822 100
220050000 213846 2898.8662 1823.4257 31.039864 10
220050000 213854 2868.0742 1785.4401 27.17537 66
220050000 213877 2343.5505 1938.2621 25.617035 52
220050000 213885 2547.2524 1642.9452 22.335129 97
220050000 213885 2509.0674 1694.3438 19.338196 35
220050000 213911 2507.4038 2428.8982 22.662262 36
220050000 213898 2598.1274 2332.7737 23.61264 78
220050000 213873 2017.958 2292.9277 18.122375 15
220050000 213874 2020.8818 2327.949 13.555115 28
220050000 213883 1924.4724 2475.1821 17.25 79
220050000 213873 2096.5188 1987.1663 38.2558 19
220050000 213885 2520.8167 1616.7965 21.577904 107
220050000 213897 2609.4607 2201.5571 17.813614 44
220050000 213896 2599.1768 2154.3796 18.172455 109
220050000 213854 2721.5337 1915.1357 21.162048 36
220050000 213891 2461.102 1701.5288 22.486786 67
220050000 213885 2686.1958 1680.5482 21.382523 57
220050000 213843 2712.745 2319.546 28.411621 65
220050000 213879 1943.8811 2534.1458 25.389862 71
220050000 213871 2250.6199 2174.0864 35.9946 106
220050000 213885 2531.3372 1610.5482 23.208572 11
220050000 213865 2191.285 2129.103 44.5 2
220050000 213898 2655.838 2299.458 25.256592 110
220050000 213849 2636.0447 2198.6272 18.187622 34
220050000 213854 2795.6292 1762.2915 22.601822 110
220050000 213859 2062.9456 2114.7178 27.351181 103
220050000 213877 2418.525 1814.333 25.229187 67
220050000 213844 2700.5198 2312.4033 27.457901 80
220050000 213873 2066.1013 2016.0981 29.374603 72
220050000 213870 2222.7573 2273.0286 39.75 102
220050000 213868 2169.6272 2250.521 38.6483 47
220050000 213854 2743.4387 1818.4946 23.629166 97
220050000 213884 1957.7822 2504.1023 18.39418 9
220050000 213850 2829.1248 1983.0703 24.375 29
220050000 213845 2580.3516 1886.3661 26.044853 26
220050000 213247 2151.7566 1854.076 27.473373 113
220050000 213873 2072.2434 2068.7375 27.875 62
220050000 213849 2660.0889 2038.1986 22.137413 61
220050000 213874 2025.9116 2340.7288 13.6705475 13
220050000 213877 2382.6692 1827.7859 25.166824 34
220050000 213885 2640.4 1662.6487 24.453384 24
220050000 213868 2383.2551 2263.044 19.55426 11
220050000 213870 2285.629 2186.0957 39.40013 68
220050000 213854 2737.4937 1872.5085 22.0 0
220050000 213874 2060.6692 2433.5498 23.29306 12
220050000 213875 2312.1553 1832.0667 24.0 38
220050000 213884 1855.6793 2419.4578 13.732864 80
220050000 213877 2384.2324 1940.5759 18.787842 48
220050000 213877 2283.634 1913.9799 26.498741 107
220050000 213844 2644.929 2468.7688 28.818329 8
220050000 213846 2894.7808 1862.6246 29.35923 22
220050000 213911 2551.6973 2364.4587 18.221909 11
220050000 213896 2563.7795 2166.5564 18.236221 90
220050000 213885 2459.6301 1613.6133 21.421234 32
220050000 213873 2071.7542 2171.5295 26.404404 17
220050000 213911 2518.9143 2420.3594 22.931107 78
220050000 213856 2627.9294 2217.1824 17.707718 50
220050000 213877 2348.9695 1898.5784 27.592667 37
220050000 213877 2410.1658 2013.7198 23.471352 22
220050000 213877 2356.6172 1861.8014 24.151161 19
220050000 213891 2562.408 1697.4415 19.872513 64
220050000 213897 2821.7915 2224.6787 34.98059 114
220050000 213872 2308.1482 2375.6072 19.670868 116
220050000 213875 2273.345 1748.6299 29.625 66
220050000 213877 2385.7373 1850.4835 26.40522 20
220050000 213911 2702.018 2021.0361 23.752258 48
220050000 213911 2719.202 2028.745 23.796562 1
220050000 213843 2598.0498 2524.613 25.91092 78
220050000 213891 2575.8765 1719.3114 18.851013 36
220050000 213874 2086.1018 2454.383 20.43454 69
220050000 213849 2521.1055 2427.954 22.891357 56
220050000 213891 2518.2588 1450.1484 24.115723 42
220050000 213891 2451.7954 1685.7686 22.8555 117
220050000 213891 2524.2722 1425.3518 24.629623 108
220050000 213898 2572.9731 2443.674 28.455902 29
220050000 213854 2571.4744 1928.6968 21.070755 80
220050000 213874 2020.9684 2409.5793 16.159233 13
220050000 213877 2215.5205 1858.6594 31.268723 69
220050000 213884 1978.3599 2484.384 17.725998 105
220050000 213854 2843.9924 1923.9241 25.746216 115
220050000 213885 2511.3174 1777.4141 26.612915 49
220050000 213875 2291.3179 1855.5266 23.89444 60
220050000 213885 2480.5508 1654.3472 17.271729 10
220050000 213846 2558.939 1736.7327 21.178421 75
220050000 213877 2399.4023 1899.1937 14.625 79
220050000 213875 2264.8716 1712.177 30.125 73
220050000 205142 1917.1516 2466.6396 17.25 116
220050000 213854 2719.7583 1871.1263 21.929604 11
220050000 213877 2416.265 1827.8031 24.259552 33
220050000 213877 2275.3503 1816.5461 24.699738 67
220050000 213885 2457.1575 1578.66 24.011406 51
220050000 213859 2045.0928 2146.141 24.270416 103
220050000 213862 2471.363 2229.327 17.997742 6
220050000 213889 2711.431 1328.6721 13.743256 108
220050000 213885 2710.6338 1623.1869 22.085213 59
220050000 213868 2269.038 2190.09 38.62889 77
220050000 213885 2439.7126 1623.8456 26.888214 9
220050000 213874 2018.7153 2341.0107 13.688171 35
220050000 213885 2646.8105 1661.6228 23.895065 0
220050000 213874 2017.5939 2383.1287 16.702927 35
220050000 213877 2309.5842 1881.3296 25.426971 111
220050000 213877 2299.9329 1835.6093 24.229774 115
220050000 213875 2341.9705 1884.134 27.38707 99
220050000 213885 2482.1667 1574.3656 22.241585 68
220050000 213881 1840.2366 2424.5833 14.191025 61
220050000 213871 2159.4739 2282.8508 39.5 1
220050000 213896 2761.2239 2215.4924 25.576492 34
220050000 213891 2547.627 1412.0436 27.466988 29
220050000 213877 2336.6653 1909.3749 26.33065 48
220050000 213891 2484.2903 1583.8494 21.793701 80
220050000 213854 2882.2837 1797.6096 31.524399 81
220050000 213896 2555.9424 2187.5505 15.573471 53
220050000 213875 2410.987 1947.4828 26.501617 106
220050000 213894 2925.0085 2453.749 14.24971 98
220050000 213881 1964.6783 2516.3523 20.611732 16
220050000 213877 2403.552 1877.7574 16.575638 76
220050000 213885 2723.271 1637.0448 26.934212 11
220050000 213897 2692.1685 2168.1787 20.364471 56
220050000 213885 2576.5417 1676.0432 22.778458 77
220050000 213881 1940.5785 2460.9458 17.25 114
220050000 213854 2528.0361 1945.8434 23.884789 35
220050000 213891 2527.0378 1441.1199 25.569595 69
220050000 213896 2518.5254 2313.7942 15.565674 52
220050000 213877 2437.4148 1835.0157 16.286575 110
220050000 213877 2389.9563 1814.1014 24.621391 43
220050000 213854 2860.7551 1971.9316 24.297195 28
220050000 213868 2281.6816 2169.334 39.25 3
220050000 213877 2103.8657 1811.3804 26.9516 106
220050000 213868 2187.9673 2256.052 36.747955 108
220050000 213849 2539.0356 2420.7083 23.075165 35
220050000 213875 2428.5847 1919.5618 26.018234 104
220050000 213896 2532.6067 2408.9412 22.412918 58
220050000 213247 2163.7505 1856.8721 26.734406 10
220050000 213854 2762.6252 1811.1923 22.0 31
220050000 213898 2552.2954 2453.715 28.375 60
220050000 213854 2845.1187 1759.3665 22.0 82
220050000 213849 2815.6729 1977.6991 22.050453 77
220050000 213877 2275.1238 1713.8604 30.125 11
220050000 213875 2418.8438 1969.6465 25.875 64
220050000 213911 2610.6465 2205.078 17.861557 117
220050000 213868 2269.553 2169.1096 39.013474 108
220050000 213885 2502.9175 1705.2936 19.776382 44
220050000 213909 2050.8901 2143.2769 24.875 8
220050000 213870 2186.9304 2272.861 36.98697 50
220050000 213885 2505.208 1659.838 17.94725 8
220050000 213877 2287.5642 1840.9237 24.0 76
220050000 213854 2769.1333 1737.4701 22.549576 104
220050000 213909 2041.8113 2138.184 24.567184 39
220050000 213909 2058.4824 2113.044 27.339905 114
220050000 213871 2424.6982 2196.8276 21.75 107
220050000 213911 2534.9856 2427.2063 22.875 50
220050000 213854 2480.1406 2345.9377 16.77147 2
220050000 213877 2389.7837 1985.3745 15.6510315 62
220050000 213907 2558.1072 1935.7327 21.381699 99
220050000 213875 2174.9714 1868.0509 26.99643 33
220050000 213873 2057.2913 2172.7466 23.648788 58
220050000 213881 1969.4113 2582.7888 39.375 3
220050000 213879 1967.4758 2534.609 25.684479 46
220050000 213898 2626.155 2343.4043 24.560226 54
220050000 213897 2831.247 2210.974 36.608826 106
220050000 213891 2544.2783 1440.9023 28.154602 73
220050000 213930 2212.4312 2275.3835 39.509415 24
220050000 213911 2738.585 2149.532 25.58844 115
220050000 213844 2703.199 2195.5266 20.738632 77
220050000 213871 2029.7595 2498.0251 23.375 105
220050000 213871 2278.887 2226.104 36.063065 42
220050000 213843 2546.0217 2326.3342 15.379074 85
220050000 213898 2532.641 2462.762 27.54007 44
220050000 213891 2506.8179 1389.9044 28.93209 97
220050000 213885 2657.538 1663.4203 22.02887 104
220050000 213877 2429.5054 1849.2216 16.863167 110
220050000 213896 2568.1418 2190.1597 16.825104 68
220050000 213897 2645.9695 2169.8018 19.022873 31
220050000 213873 2089.9912 1987.4729 37.055817 101
220050000 213885 2543.8818 1625.6542 23.625 76
220050000 213844 2632.382 2495.076 30.268982 59
220050000 213882 1966.3507 2592.4646 39.845398 20
220050000 213897 2806.8396 2214.2896 32.53424 46
220050000 213885 2532.7283 1564.779 19.456314 50
220050000 213897 2795.5605 2221.7905 32.363953 48
220050000 213885 2541.8193 1718.1256 22.405434 107
220050000 213885 2453.8704 1637.0524 22.19233 48
220050000 213911 2644.3828 2002.2444 20.436874 108
220050000 213881 1998.4169 2508.8423 19.052643 37
220050000 213877 2285.3354 1754.987 29.789917 86
220050000 213871 2371.5735 2244.7705 25.761246 11
220050000 213891 2510.2517 1453.2501 24.593536 60
220050000 213898 2569.5876 2430.8596 27.127182 13
220050000 213885 2621.3047 1676.6879 25.040413 79
220050000 213859 2055.8794 2140.6877 24.875 113
220050000 213898 2647.0996 2327.8694 25.306686 46
220050000 213868 2290.2766 2209.8994 38.75 76
220050000 213911 2396.759 2385.0498 16.440613 114
220050000 213843 2573.9119 2501.208 28.701965 104
220050000 213875 2343.5093 1896.2084 27.706306 105
220050000 213877 2428.6094 1839.698 16.064087 87
220050000 213875 2434.1082 1961.6803 25.223259 74
220050000 213856 2576.2395 2155.2563 18.423584 53
220050000 213871 2008.3441 2383.546 15.424889 20
220050000 213911 2635.344 2024.5486 20.543 46
220050000 213877 2239.943 1721.4128 30.463303 85
220050000 213877 2373.83 1867.4359 25.639015 49
220050000 213849 2621.9868 2139.6316 19.249176 29
220050000 213898 2506.0293 2460.1394 27.517426 51
220050000 213846 2562.1082 1763.4723 23.690796 5
220050000 213898 2604.9062 2297.472 25.778336 30
220050000 213877 2426.931 1823.8162 23.114899 92
220050000 213896 2552.122 2412.4702 22.676147 35
220050000 213884 1914.9414 2499.0142 17.62677 5
220050000 213879 1861.6716 2429.897 14.196075 58
220050000 213885 2559.2656 1636.4863 23.923706 98
220050000 213877 2228.179 1849.8468 31.0 25
220050000 213877 2404.3691 1910.1122 14.625 108
220050000 213846 2583.2556 1669.3837 25.397514 119
220050000 213865 2195.8584 2121.063 44.817413 71
220050000 213875 2161.0698 1865.4117 26.625 42
220050000 213871 2248.0889 2134.2634 41.20041 98
220050000 213849 2632.1313 2165.3486 16.878204 33
220050000 213911 2562.7476 2160.6526 18.218445 109
220050000 213907 2567.398 1922.7047 21.462372 110
220050000 213894 2932.319 2470.06 11.75 57
220050000 213871 2029.1724 2421.8535 17.101776 105
220050000 213885 2439.2405 1654.4867 21.54747 26
220050000 213897 2802.48 2193.959 29.152557 100
220050000 213873 2030.4501 2285.7603 18.02813 31
220050000 213885 2519.774 1743.4556 23.5 23
220050000 213885 2427.9097 1635.5833 22.313385 65
220050000 213843 2583.8142 2526.5903 30.817612 59
220050000 213846 2783.1628 1939.0748 21.375 71
220050000 213877 2352.9465 1916.5709 26.905159 112
220050000 213854 2767.063 1827.6677 22.0 19
220050000 213887 2373.9277 1596.0966 28.908173 107
220050000 213870 2198.04 2244.878 37.307373 48
220050000 213931 2334.414 1389.0388 30.995148 81
220050000 213844 2657.1655 2206.5962 17.62088 65
220050000 213877 2414.0496 1858.1243 16.103271 84
220050000 213875 2462.181 1939.1392 24.988693 2
220050000 213874 2425.4983 2269.407 17.892548 79
220050000 213885 2708.3242 1648.8627 25.864708 87
220050000 213885 2467.3455 1664.2903 20.875 34
220050000 213874 2067.8037 2439.6108 21.541443 108
220050000 213897 2680.388 2153.942 20.57637 79
220050000 213911 2572.4856 2169.5776 18.534302 19
220050000 213865 2187.0137 2158.338 43.0 47
220050000 213891 2447.5964 1711.1832 26.49759 47
220050000 213877 2269.1943 1937.7969 26.237305 64
220050000 213877 2389.0288 1958.5768 15.682098 27
220050000 213877 2216.0493 1846.3 31.824753 0
220050000 213896 2557.6826 2146.4214 18.348663 52
220050000 213891 2508.8137 1437.8956 24.06762 74
220050000 213877 2093.4739 1829.5302 26.8386 56
220050000 213850 2456.6082 2444.4102 23.523346 73
220050000 213872 2293.8086 2351.0298 20.193878 82
220050000 213874 2038.1027 2420.5098 21.817696 19
220050000 213862 2455.8997 2200.2942 18.18016 61
220050000 213859 2055.3833 2110.471 27.068237 67
220050000 213911 2705.439 2071.0938 22.861511 113
220050000 213874 2046.8176 2429.642 22.124573 4
220050000 213885 2629.2998 1679.9355 22.853638 33
220050000 213911 2566.786 2354.6885 18.049118 105
220050000 213846 2795.026 1946.9559 20.871765 30
220050000 213844 2705.626 2303.6125 23.527298 85
220050000 213849 2646.5637 2310.7275 24.024994 15
220050000 213911 2451.3457 2459.0933 24.224884 52
220050000 213877 2379.8328 2003.492 26.19896 79
220050000 213886 2438.921 1605.7955 26.548225 86
220050000 213885 2459.4182 1602.5199 21.471375 106
220050000 213854 2727.726 1839.1366 23.03424 17
220050000 213885 2531.5125 1625.6082 23.143509 11
220050000 213898 2668.4836 2311.861 26.163498 25
220050000 213885 2625.3926 1650.9181 26.375 86
220050000 213875 2132.6973 1753.8138 26.25 101
220050000 213854 2345.897 2431.9216 21.251541 72
220050000 213877 2208.3928 1846.2528 31.174103 97
220050000 213868 2276.6272 2206.705 38.406998 61
220050000 213881 1911.1206 2471.5115 17.25 112
220050000 213877 2323.9487 1964.6517 26.375 69
220050000 213891 2633.4478 1664.4991 25.897804 31
220050000 213854 2887.5215 1808.8828 29.065186 107
220050000 213849 2560.2478 2350.6333 18.118744 40
220050000 213873 2073.8596 2022.4904 30.054932 55
220050000 213896 2737.152 2211.0874 20.245956 100
220050000 213850 2620.3115 2390.3386 26.850739 94
220050000 213898 2671.6895 2329.5793 26.077637 18
220050000 213877 2146.3901 1863.9403 27.798767 45
220050000 213911 2664.769 2016.394 20.625 54
220050000 213874 2011.981 2395.5764 15.62262 38
220050000 213854 2789.0115 1705.966 22.127129 96
220050000 213843 2571.3027 2515.7463 28.011871 58
220050000 213896 2539.5684 2306.7747 15.23291 71
220050000 213846 2784.038 1977.6273 20.740479 25
220050000 213885 2688.7446 1636.6465 19.735382 32
220050000 213911 2467.6216 2344.2603 16.851349 72
220050000 213891 2573.7341 1403.2196 26.423775 86
220050000 213890 2741.2336 1223.3561 24.572838 75
220050000 213881 1896.2491 2483.6938 17.25 113
220050000 213868 2412.136 2241.348 20.793488 88
220050000 213897 2815.3923 2190.4294 32.386063 118
220050000 213868 2402.1943 2255.958 20.752625 58
220050000 213855 2733.1895 2222.9612 20.291245 101
220050000 213844 2703.7363 2328.2727 29.535217 18
220050000 213854 2608.0156 1926.0096 23.746841 22
220050000 213854 2770.5527 1707.5961 21.159546 57
220050000 213890 2735.5698 1241.7273 19.639404 83
220050000 213896 2698.1 2226.8179 20.192627 74
220050000 213896 2547.4863 2369.4907 18.246857 17
220050000 213885 2464.754 1655.6323 21.07788 3
220050000 213877 2433.8901 1814.85 25.72438 107
220050000 213877 2393.3284 2014.0582 25.992722 85
220050000 213885 2724.2095 1623.2249 26.113907 69
220050000 213874 2032.9729 2411.4915 20.804031 3
220050000 213846 2889.5947 1882.8799 28.0 40
220050000 213891 2566.3076 1388.991 27.313065 73
220050000 213885 2688.953 1627.2313 20.465462 45
220050000 213875 2326.1538 1915.103 27.184326 77
220050000 213890 2741.562 1258.7067 16.731918 109
220050000 213897 2717.2324 2162.3113 25.808105 57
220050000 213875 2168.763 1781.6024 24.225151 49
220050000 213874 2015.5322 2325.048 13.654236 118
220050000 213875 2146.0066 1754.3306 25.374588 11
220050000 213877 2307.1572 1930.7002 27.5 58
220050000 213885 2516.229 1638.655 20.225555 77
220050000 213874 2449.409 2263.899 15.4552 54
220050000 213854 2326.5203 2446.4976 21.591064 53
220050000 213847 2853.4546 1862.2583 27.259552 33
220050000 213896 2555.5518 2323.9048 15.449921 82
220050000 213879 1924.1423 2484.2913 16.991104 104
220050000 213877 2088.7878 1818.9248 26.82196 86
220050000 213865 2203.4705 2162.8767 44.264313 20
220050000 213891 2438.7407 1689.5543 24.95826 73
220050000 213843 2536.0059 2316.341 15.97905 75
220050000 213854 2610.1821 1947.6395 22.77253 36
220050000 213877 2353.6094 1885.7008 27.423828 55
220050000 213854 2596.2373 1895.9213 24.644753 37
220050000 213868 2414.8872 2249.3406 21.193054 20
220050000 213845 2543.6428 1889.3457 24.602676 82
220050000 213897 2727.3396 2176.2866 25.815811 64
220050000 213871 2416.3608 2212.1084 20.970673 77
220050000 213856 2592.583 2152.3047 18.659729 65
220050000 213856 2651.819 2205.6108 18.269821 25
220050000 213873 2038.544 2218.301 22.35199 22
220050000 213877 2290.0125 1741.8124 30.046906 103
220050000 213885 2521.2866 1772.3916 25.488647 22
220050000 213850 2757.5356 1984.849 21.75 82
220050000 213877 2179.7102 1848.5792 27.748192 98
220050000 213877 2398.1694 1847.6954 26.25 117
220050000 213872 2416.2507 2391.2576 16.625 104
220050000 213883 2003.5837 2498.188 18.875 119
220050000 213859 2060.6218 2090.1582 27.211136 106
220050000 213890 2729.8767 1304.5364 12.484589 87
220050000 213854 2820.001 1992.24 23.75 53
220050000 213885 2516.0757 1730.1719 23.25473 58
220050000 213854 2784.396 1724.3344 22.0 111
220050000 213911 2556.7046 2175.6228 18.125 86
220050000 213854 2842.3965 1813.7896 27.45044 87
220050000 213877 2424.7354 1997.454 18.226334 4
220050000 213856 2619.7588 2208.3633 17.53778 79
220050000 213854 2698.792 1834.9344 21.691597 79
220050000 213885 2439.7244 1646.2716 22.108025 71
220050000 213847 2847.5571 1878.3882 26.86502 47
220050000 213909 2049.4548 2111.503 26.687866 41
220050000 213877 2296.3743 1851.6587 25.112839 92
220050000 213868 2548.2373 2028.8236 21.875 100
220050000 213844 2650.6467 2485.1868 29.375 28
220050000 213846 2560.9658 1722.236 20.364525 71
220050000 213875 2288.2927 1714.8495 30.125 2
220050000 213885 2526.6584 1635.4863 22.855362 38
220050000 213885 2514.2937 1625.7395 20.395432 79
220050000 213885 2467.8232 1574.2853 23.664925 31
220050000 213885 2475.2566 1665.1709 19.957214 118
220050000 213862 2467.925 2196.44 18.574692 76
220050000 213871 2386.4558 2220.669 25.414536 34
220050000 213873 2029.3113 2269.3562 21.790237 38
220050000 213877 2329.1633 1922.9817 27.561356 63
220050000 213898 2473.3364 2475.6685 28.562195 73
220050000 213911 2470.0315 2372.0242 17.128021 14
220050000 213854 2849.5098 1778.9786 23.808723 36
220050000 213911 2698.7222 2065.6904 23.39685 72
220050000 213877 2273.607 1921.4779 25.975433 97
220050000 213847 2866.9421 1869.55 27.971878 6
220050000 213911 2543.922 2418.3755 23.115265 39
220050000 213877 2170.3105 1875.7954 26.512787 109
220050000 213849 2616.9175 2325.5247 23.75 46
220050000 213884 1941.8488 2475.5544 17.25 111
220050000 213871 2042.55 2531.6548 24.694046 46
220050000 213896 2776.3682 2200.9006 24.79602 110
220050000 213871 2016.4718 2410.3591 15.764084 72
220050000 213885 2451.5398 1615.0388 22.552673 110
220050000 213881 1861.1586 2420.6926 13.171936 52
220050000 213889 2730.8489 1375.9766 25.43747 33
220050000 213885 2623.5417 1661.9984 27.085922 7
220050000 213855 2705.8015 2207.034 20.577026 79
220050000 213877 2153.1611 1886.7379 26.20388 34
220050000 213845 2571.1145 1907.1437 23.875 35
220050000 213854 2721.2395 1808.0345 25.45031 104
220050000 213875 2420.2559 1933.4122 25.984009 79
220050000 213883 1959.9828 2529.3982 25.622849 111
220050000 213911 2547.1987 2308.618 15.28862 108
220050000 213885 2582.3564 1691.9316 21.481995 91
220050000 213883 1869.4169 2416.7417 14.125 86
220050000 213871 2141.5173 2286.9702 39.625 83
220050000 213871 2410.3975 2189.088 23.007324 60
220050000 213871 1951.7657 2278.5833 17.977188 31
220050000 213854 2550.7979 1827.6024 27.4001 91
220050000 213885 2534.1965 1590.064 22.665848 109
220050000 213889 2718.9949 1386.564 24.522385 40
220050000 213885 2521.8867 1710.5935 23.280014 96
220050000 213885 2733.754 1631.1809 27.837006 99
220050000 213873 2034.6252 2292.9302 18.066864 16
220050000 213891 2647.982 1654.7021 26.497864 58
220050000 213846 2545.0063 1731.0215 22.815735 60
220050000 213854 2853.3257 1955.7852 23.75 24
220050000 213898 2661.719 2323.088 26.75 44
220050000 213871 2262.7197 2114.0166 38.87085 73
220050000 213877 2409.4258 1886.9086 16.189651 102
220050000 213889 2705.6238 1399.2782 24.513176 42
220050000 213873 2001.2305 2299.3604 18.153809 59
220050000 213850 2500.5554 2500.8975 28.896378 48
220050000 213849 2806.604 2008.1385 23.522888 25
220050000 213846 2596.8167 1711.123 17.41066 91
220050000 213873 2088.9504 2018.9838 34.239693 43
220050000 213847 2839.3657 1865.0361 26.554169 65
220050000 213865 2229.7188 2135.0679 44.5 100
220050000 213885 2542.4114 1653.3301 21.33313 8
220050000 213856 2614.41 2213.5999 17.47377 45
220050000 213873 2053.412 2045.3015 30.308426 36
220050000 213873 2018.6907 2246.7695 21.38945 64
220050000 213875 2353.7168 1926.9785 24.688843 17
220050000 213874 2414.7668 2277.6572 16.614838 42
220050000 213909 2051.7058 2102.5208 26.73584 56
220050000 213885 2479.9736 1601.0027 21.500336 32
220050000 213847 2862.7344 1825.7773 26.934814 3
220050000 213879 1989.285 2512.0386 18.960136 55
220050000 213868 2495.987 2081.5881 21.30391 59
220050000 213844 2680.4177 2211.694 18.151108 44
220050000 213877 2104.1538 1825.8297 26.664482 44
220050000 213865 2214.4004 2160.0237 44.472015 119
220050000 213891 2575.2266 1409.194 26.002037 95
220050000 213843 2549.4778 2355.4285 18.032639 77
220050000 213880 1953.9729 2599.531 39.27762 113
220050000 213883 1901.9176 2495.3098 17.36985 21
220050000 213896 2786.4814 2213.974 28.992126 37
220050000 213898 2621.5322 2294.713 25.503418 106
220050000 213875 2161.2424 1877.3679 26.586853 32
220050000 213896 2805.2375 2225.882 33.907913 104
220050000 213873 2075.7334 1987.0172 30.669762 13
220050000 213883 1981.5428 2497.0981 18.290062 113
220050000 213885 2642.946 1680.8414 20.631744 30
220050000 213873 2059.67 2055.254 29.639893 20
220050000 213885 2487.3994 1617.7996 19.025146 44
220050000 213854 2709.6956 1922.3265 21.682083 54
220050000 213868 2386.4966 2252.4138 20.849136 67
220050000 213846 2529.2937 1750.4089 23.268585 17
220050000 213850 2539.6165 2476.0154 27.273972 63
220050000 213891 2649.8884 1644.8431 28.980858 97
220050000 213872 2291.1829 2381.8308 19.801071 119
220050000 213845 2574.2493 1846.8446 24.781158 16
220050000 213877 2335.638 1964.4471 25.902946 30
220050000 213854 2608.8733 1914.7866 24.021255 19
220050000 213872 2298.2834 2365.5107 19.55098 57
220050000 213868 2177.714 2258.5225 37.69339 9
220050000 213897 2799.3867 2239.048 34.537186 25
220050000 213875 2410.0217 1960.866 26.375 77
220050000 213873 2031.2395 2229.1726 21.672531 40
220050000 213844 2708.2915 2222.5713 20.766754 66
220050000 213872 2277.5374 2375.7139 19.421799 31
220050000 213885 2524.9531 1597.2566 21.67871 107
220050000 213875 2138.174 1770.9542 24.75 52
220050000 213891 2541.8008 1505.5809 21.707443 101
220050000 213844 2695.248 2320.193 27.336151 24
220050000 213885 2700.9434 1623.5039 20.281006 57
220050000 213885 2464.4402 1643.0216 21.631126 9
220050000 213843 2736.7773 2320.4744 23.80748 18
220050000 213843 2740.0835 2224.1804 20.145874 13
220050000 213898 2553.8804 2428.7534 22.514954 15
220050000 213894 2997.7336 2490.5154 6.6700134 56
220050000 213850 2481.6465 2470.223 28.036026 81
220050000 213844 2647.2559 2225.2375 17.453491 40
220050000 213877 2222.2395 1861.1901 31.0 36
220050000 213880 1928.6943 2607.1814 38.867233 35
220050000 213881 1832.4933 2442.6252 14.500481 38
220050000 213909 2048.5474 2125.593 24.289917 52
220050000 213872 2397.187 2402.5303 16.276886 12
220050000 213872 2424.3225 2365.9138 18.650543 91
220050000 213868 2276.072 2202.0278 39.243042 87
220050000 213891 2572.4277 1395.6863 26.875 86
220050000 213854 2756.1184 1773.4629 23.376343 111
220050000 213894 2977.2014 2477.459 9.458725 97
220050000 213865 2213.8188 2125.2952 44.5 46
220050000 213859 2068.576 2100.26 27.25 25
220050000 213877 2327.2537 1943.2793 27.5 87
220050000 213885 2490.281 1662.5527 16.107437 14
220050000 213865 2223.4817 2119.847 44.625 92
220050000 213873 2071.7812 2140.7825 27.341873 42
220050000 213897 2820.6155 2201.3044 36.06192 25
220050000 213877 2292.0156 1899.0249 27.248047 103
220050000 213898 2608.104 2314.8926 26.082642 82
220050000 213877 2319.4316 1723.1384 29.660522 1
220050000 213845 2560.91 1835.6836 25.906036 49
220050000 213875 2283.3208 1734.6361 29.585243 76
220050000 213897 2622.4963 2187.048 17.690506 58
220050000 213877 2412.7588 1994.1917 18.45787 1
220050000 213874 2052.5818 2426.2983 22.697723 89
220050000 213877 2374.901 1939.1456 23.939857 67
220050000 213883 1866.9209 2442.6438 14.125 113
220050000 213874 2010.2582 2342.9316 13.741455 55
220050000 213854 2480.611 1925.7893 23.234085 45
220050000 213911 2722.8687 2182.5227 25.5 57
220050000 213883 1924.203 2585.5098 39.375 59
220050000 213871 2148.5603 2307.2073 42.147766 13
220050000 213885 2436.2974 1613.8707 26.048233 51
220050000 213875 2295.4358 1819.4868 24.673233 97
220050000 213896 2790.515 2232.1614 32.221542 25
220050000 213911 2519.5757 2325.9766 15.329559 108
220050000 213871 2175.2554 2275.9316 38.338806 89
220050000 213846 2887.8486 1838.1519 26.875 51
220050000 213911 2740.1714 2158.3162 25.444992 35
220050000 213873 2015.4658 2235.1052 21.805084 90
220050000 213877 2164.2598 1848.6978 26.58139 58
220050000 213873 2095.396 2002.4526 37.98813 24
220050000 213885 2445.1702 1660.8721 21.054504 110
220050000 213846 2783.4226 1961.044 21.25 99
220050000 213885 2606.0466 1652.024 28.510246 90
220050000 213897 2685.2617 2135.4978 22.644287 103
220050000 213881 1863.5067 2437.3577 14.125 114
220050000 213854 2823.1155 1805.7979 22.194717 54
220050000 213871 2264.4998 2150.896 37.531235 29
220050000 213877 2259.8496 1745.3164 29.2406 53
220050000 213854 2595.0535 1877.1854 24.626564 74
220050000 213877 2344.0242 1925.0624 25.996979 16
220050000 213885 2538.0623 1757.1399 23.146378 13
220050000 213873 2076.48 2130.334 28.61499 24
220050000 213911 2587.6565 2165.87 18.220413 4
220050000 213911 2641.9624 2201.7915 17.6344 114
220050000 213871 1911.7163 2258.0994 15.51152 36
220050000 213885 2711.9082 1662.2308 27.607788 0
220050000 213877 2415.457 2022.5618 25.966064 19
220050000 213911 2649.2466 2020.581 20.489227 63
220050000 213870 2199.7314 2260.7803 39.254578 0
220050000 213854 2735.1567 1886.7548 22.0 39
220050000 213885 2535.2947 1708.0674 22.75 110
220050000 213891 2612.8372 1677.4006 26.369507 21
220050000 213885 2511.5312 1719.5883 22.636375 21
220050000 213854 2532.2234 1926.0443 24.222076 42
220050000 213846 2570.6885 1738.0562 20.95346 54
220050000 213868 2526.981 2020.8685 23.080124 62
220050000 213873 2077.1895 2153.273 29.788849 21
220050000 213884 2010.0762 2490.789 19.25476 15
220050000 213885 2434.2202 1666.7173 21.989777 45
220050000 213854 2761.1077 1751.2983 22.30577 84
220050000 213854 2764.418 1726.0286 22.369385 39
220050000 213891 2433.928 1704.0432 28.150208 74
220050000 213847 2872.279 1838.761 26.772202 25
220050000 213871 2039.2219 2440.9036 16.757843 16
220050000 213854 2455.304 2356.6858 17.705215 80
220050000 213856 2563.1428 2150.5273 18.392853 62
220050000 213911 2673.7942 2011.2384 20.676674 40
220050000 213885 2638.7173 1648.1736 27.908981 118
220050000 213854 2876.3613 1829.0176 27.133545 12
220050000 213877 2249.9216 1712.9854 30.25673 108
220050000 213911 2546.7769 2404.981 22.5 51
220050000 213891 2541.5923 1477.7179 24.75193 91
220050000 213883 1872.7784 2428.6733 14.125 93
220050000 213873 2076.4714 2055.8745 28.05893 112
220050000 213891 2501.6113 1401.5454 27.484528 101
220050000 213877 2201.599 1856.1678 31.099945 51
220050000 213885 2479.9985 1626.56 20.250183 57
220050000 213843 2725.8462 2326.7544 29.304901 20
220050000 213854 2388.5056 2404.5674 15.867279 104
220050000 213896 2682.814 2225.6582 18.375 21
220050000 213877 2387.2417 1862.2603 26.656128 48
220050000 213885 2534.2432 1643.7301 21.846275 10
220050000 213877 2393.1865 1917.3868 14.625 82
220050000 213862 2457.208 2221.8306 18.148499 29
220050000 213907 2584.9355 1929.178 21.441528 101
220050000 213873 2012.3269 2304.8962 18.0 71
220050000 213884 1915.1897 2478.5454 17.25 16
220050000 213896 2535.6133 2348.0186 17.60199 29
220050000 213885 2450.4104 1645.4298 22.160637 46
220050000 213859 2057.7114 2125.737 24.856964 109
220050000 213881 1972.3961 2494.7354 17.891434 86
220050000 213885 2430.1028 1622.1969 26.831657 104
220050000 213884 1857.8142 2444.8738 14.210999 6
220050000 213907 2555.337 1926.6847 21.458557 84
220050000 213854 2856.5215 1789.4211 27.081635 17
220050000 213885 2569.2576 1659.1641 23.625 85
220050000 213877 2339.05 1877.6628 27.110184 9
220050000 213850 2623.852 2453.1394 26.964706 29
220050000 213877 2202.78 1877.1389 29.72757 103
220050000 213871 1922.1017 2240.7966 16.531776 37
220050000 213875 2359.0234 1878.0271 27.693588 118
220050000 213870 2283.1208 2183.4514 39.400127 75
220050000 213844 2719.192 2235.05 20.125 91
220050000 213883 1930.8882 2491.417 17.25 61
220050000 213854 2549.4766 1907.6332 23.509209 77
220050000 213845 2530.3213 1838.9592 28.294968 66
220050000 213885 2494.7004 1753.7919 22.348984 61
220050000 213854 2732.4954 1772.2284 23.216629 27
220050000 213891 2554.1716 1682.5331 21.481003 1
220050000 213896 2568.801 2377.9512 18.196884 9
220050000 213877 2336.19 1957.862 25.875 51
220050000 213877 2400.119 2025.8115 25.625 50
220050000 213873 2022.467 2236.152 21.884506 2
220050000 213885 2521.0645 1607.4366 21.383057 63
220050000 213884 1952.312 2540.2927 25.812775 13
220050000 213881 1954.4758 2532.3242 25.40474 108
220050000 213891 2552.5847 1450.8223 29.381332 103
220050000 213874 2011.802 2335.789 13.662933 94
220050000 213881 1953.8484 2587.9624 38.766525 52
220050000 213874 2433.0542 2279.4893 15.061798 41
220050000 213885 2522.1785 1651.4786 21.386154 93
220050000 213873 2072.5647 2000.4882 29.267311 24
220050000 213846 2887.672 1902.654 28.020386 27
220050000 213885 2553.5237 1631.5265 23.75 73
220050000 213854 2780.3784 1779.2368 22.0 10
220050000 213891 2541.8794 1396.7234 28.284576 9
220050000 213870 2291.875 2156.1763 39.25 7
220050000 213891 2717.3315 1647.5677 27.374664 105
220050000 213875 2161.5176 1765.0554 24.434036 86
220050000 213871 2017.533 2517.614 23.593231 75
220050000 213865 2181.0967 2127.9377 44.93535 76
220050000 213875 2174.1106 1855.8475 26.770737 90
220050000 213911 2442.0352 2358.3296 16.879395 89
220050000 213871 1939.2255 2262.147 15.125 101
220050000 213874 2050.682 2437.3 19.898834 48
220050000 213898 2508.8945 2471.771 26.79181 24
220050000 213891 2577.247 1700.2826 19.085236 108
220050000 213844 2631.6475 2208.249 18.166443 77
220050000 213844 2683.2786 2312.6045 24.75 57
220050000 213877 2366.6838 1884.3785 27.53952 58
220050000 213889 2697.4163 1328.1849 11.461334 105
220050000 213868 2532.4634 2009.7186 24.584663 65
220050000 213911 2683.4558 2085.5852 22.977036 96
220050000 213872 2312.7458 2360.423 19.95871 36
220050000 213850 2420.7014 2406.492 16.425354 100
220050000 213875 2318.7224 1851.2611 24.0 23
220050000 213911 2713.2039 2019.4321 23.575241 69
220050000 213877 2346.6846 1952.9786 25.936165 27
220050000 213911 2620.7256 2201.712 17.538391 113
220050000 213894 2946.0708 2461.5906 12.146164 97
220050000 213885 2528.1672 1578.9817 20.70726 81
220050000 213889 2698.4944 1349.5056 14.719101 114
220050000 213911 2387.3313 2390.869 15.224976 89
220050000 213885 2524.4673 1759.1691 23.521133 56
220050000 213868 2261.0347 2177.9595 38.053467 63
220050000 213911 2634.9963 2008.8882 20.94403 91
220050000 213885 2450.1174 1604.2787 25.558067 100
220050000 213877 2203.3447 1859.0201 31.022804 58
220050000 213854 2830.6982 2002.9972 24.030525 16
220050000 213891 2490.804 1416.304 24.599258 52
220050000 213877 2404.8857 1819.4312 24.410553 1
220050000 213877 2321.3992 1883.3314 23.412552 11
220050000 213873 2096.701 2006.8799 38.33545 24
220050000 213846 2572.1135 1691.0461 21.691711 55
220050000 213898 2688.714 2328.7393 26.315567 117
220050000 213870 2232.9673 2280.4807 39.719955 35
220050000 213877 2399.8855 1976.3685 15.125 2
220050000 213870 2289.6238 2221.0806 37.26381 119
220050000 213879 1920.6166 2474.575 17.25 95
220050000 213871 2130.5864 2299.4412 40.44519 37
220050000 213871 2346.155 2252.119 23.350449 119
220050000 213850 2847.2847 1970.1727 23.75 113
220050000 213885 2426.466 1616.6488 28.470871 48
220050000 213875 2337.849 1932.3945 26.568176 70
220050000 213843 2730.1807 2312.364 23.40921 106
220050000 213877 2432.009 1832.6635 17.790375 65
220050000 213862 2443.5642 2202.3162 20.409714 86
220050000 213874 2411.773 2264.677 20.385315 85
220050000 213877 2303.7407 1717.7427 30.125 97
220050000 213896 2584.292 2170.0295 18.125 3
220050000 213877 2367.9238 1981.5826 15.690788 83
220050000 213891 2486.908 1689.1704 18.393112 64
220050000 213874 2456.9573 2264.1584 14.370438 101
220050000 213898 2582.5188 2308.1968 21.395126 68
220050000 213897 2615.9556 2192.6743 17.75 32
220050000 213890 2747.8665 1235.7778 21.922195 114
220050000 213873 2088.5508 1996.3019 36.440536 88
220050000 213891 2567.6497 1425.6553 27.061066 3
220050000 213891 2530.577 1695.7617 20.345215 40
220050000 213247 2151.9934 1873.2759 26.627472 55
220050000 213874 2061.9995 2446.6357 18.630798 10
220050000 213875 2377.5723 1894.2747 25.526733 119
220050000 213911 2440.11 2380.7456 17.126038 13
220050000 213877 2398.248 1930.3285 14.765503 114
220050000 213854 2508.5244 1916.1292 24.415848 96
220050000 213885 2685.6777 1664.8038 21.284477 45
220050000 213871 2263.7344 2183.0374 38.196075 56
220050000 213875 2350.987 1940.7035 25.688309 29
220050000 213877 2396.9473 1969.0034 14.875 115
220050000 213885 2676.652 1622.7517 24.493011 8
220050000 213877 2392.6777 1944.5342 15.460388 90
220050000 213885 2423.9944 1629.0621 24.945282 90
220050000 213871 2317.6147 2344.152 19.625 59
220050000 213885 2714.268 1633.7773 24.77243 114
220050000 213898 2633.9553 2300.4363 25.627792 30
220050000 213873 2033.5771 2305.3235 18.125 41
220050000 213894 2977.041 2496.4153 8.619873 68
220050000 213843 2604.7234 2499.9973 26.796219 6
220050000 213885 2455.0137 1624.6278 22.113846 23
220050000 213854 2724.5193 1900.2708 22.0 48
220050000 213873 2038.4364 2238.9856 21.6866 8
220050000 213885 2503.2317 1739.7104 21.183884 104
220050000 213849 2625.1445 2106.1394 24.760544 58
220050000 213884 1905.3002 2466.2676 17.25 51
220050000 213891 2663.4912 1647.2688 24.614304 19
220050000 213875 2371.005 1924.7761 25.450882 41
220050000 213889 2708.8066 1380.8203 19.3042 107
220050000 213875 2375.8347 1913.0394 25.375 32
220050000 213877 2415.5645 1866.3733 15.75 107
220050000 213871 2281.754 2157.5625 39.207275 31
220050000 213873 2089.5854 2007.5382 34.42363 114
220050000 213861 2477.3772 2205.9363 18.051132 118
220050000 213854 2451.3223 2375.8552 17.549332 7
220050000 213885 2706.2615 1675.8406 25.292648 117
220050000 213870 2294.3386 2170.5642 39.25 116
220050000 213898 2519.1216 2452.165 27.0 76
220050000 213909 2040.8389 2129.114 24.36911 64
220050000 213881 1932.0554 2595.0322 39.375 43
220050000 213877 2344.9248 1863.289 24.0 93
220050000 213885 2675.748 1638.6006 21.531494 37
220050000 213850 2775.0845 1995.7019 19.700851 44
220050000 213891 2524.5388 1477.429 23.283676 56
220050000 213891 2474.3225 1624.8914 20.80571 114
220050000 213855 2724.4917 2212.1526 20.301926 82
220050000 213873 2082.3428 2063.6113 29.72638 44
220050000 213847 2846.689 1833.3049 27.0 100
220050000 213879 1881.9062 2432.0732 14.245422 81
220050000 213885 2692.594 1658.2871 22.146027 116
220050000 213881 1992.8263 2490.3577 18.971992 117
220050000 213846 2536.2524 1724.6859 23.511314 72
220050000 213911 2525.931 2309.4785 15.823822 104
220050000 213881 1946.6243 2579.1897 39.476288 75
220050000 213877 2296.4766 1949.8331 26.45543 23
220050000 213868 2534.6555 2056.024 22.789474 45
220050000 213874 2090.6248 2450.357 21.330383 21
220050000 213874 2436.8474 2271.7146 16.482712 46
220050000 213894 2958.719 2467.0554 10.809036 100
220050000 213854 2715.9263 1826.0923 23.614624 37
220050000 213909 2064.4248 2139.0703 25.106201 105
220050000 213854 2547.1482 1850.3959 26.319298 103
220050000 213877 2109.5237 1827.5968 26.5 35
220050000 213854 2711.4543 1849.958 23.465897 66
220050000 213891 2440.9722 1709.4586 28.19281 69
220050000 213877 2395.103 1808.5176 24.523712 76
220050000 213856 2652.401 2194.2283 17.763992 67
220050000 213873 2042.2968 2171.2634 21.110619 61
220050000 213877 2171.4614 1886.118 26.375 119
220050000 213872 2281.0679 2362.035 19.862152 64
220050000 213894 3013.4058 2489.5483 5.746826 5
220050000 213871 2019.2896 2436.2463 13.815201 64
220050000 213891 2457.8206 1706.5083 23.942291 42
220050000 213870 2273.0212 2192.8086 39.202118 92
220050000 213891 2544.0332 1491.0305 24.064407 88
220050000 213877 2380.4363 1882.2996 25.383545 21
220050000 213885 2475.6675 1642.3129 18.252151 44
220050000 213854 2835.646 1975.5583 24.375 65
220050000 213843 2585.1711 2494.8308 29.667175 108
220050000 213854 2495.107 1892.2595 22.802963 30
220050000 213877 2408.3325 2009.3374 22.126831 44
220050000 213854 2593.8325 1862.6536 25.28038 88
220050000 213877 2243.2986 1842.9004 31.0 52
220050000 213885 2586.4968 1704.2938 17.926544 95
220050000 213871 2236.6643 2162.0298 40.92157 63
220050000 213854 2832.1833 1825.2483 24.431152 7
220050000 213850 2523.9773 2495.2822 26.24858 40
220050000 213898 2521.0688 2481.449 27.75653 6
220050000 213854 2829.1865 1942.4023 21.446228 100
220050000 213846 2878.5535 1851.7808 27.146225 47
220050000 213911 2481.1252 2367.2007 16.940613 106
220050000 213898 2490.2903 2489.0588 29.074493 51
220050000 213868 2497.541 2094.8647 19.227966 29
220050000 213846 2582.4333 1729.1954 19.412209 73
220050000 213875 2289.919 1836.7894 24.401321 96
220050000 213843 2567.6272 2369.3474 18.209213 69
220050000 213890 2719.8594 1286.3625 13.983002 78
220050000 213854 2409.0686 2382.4082 16.9077 107
220050000 213855 2665.9539 2200.572 17.3479 68
220050000 213883 1905.1533 2478.4812 17.25 45
220050000 213885 2660.213 1645.4298 24.759026 94
220050000 213873 2028.4817 2255.1963 21.979874 24
220050000 213891 2507.0032 1409.5636 24.940926 72
220050000 213891 2601.6873 1675.6061 28.139473 69
220050000 213894 2964.2766 2483.166 9.892548 69
220050000 213877 2348.0146 1850.2106 23.624084 93
220050000 213891 2497.322 1453.0643 25.207626 58
220050000 213879 1917.3192 2510.4849 17.280304 66
220050000 213898 2581.2158 2332.731 21.280304 110
220050000 213875 2424.8079 1946.8802 25.274017 3
220050000 213870 2208.2368 2287.9514 39.003036 31
220050000 213889 2732.1743 1354.9565 19.657715 22
220050000 213873 2095.4604 1973.6394 34.13765 94
220050000 213854 2572.8154 1828.807 25.476929 117
220050000 213911 2471.514 2453.3228 24.398895 89
220050000 213849 2592.7996 2432.1267 27.0 5
220050000 213877 2362.8174 1928.7437 25.40326 18
220050000 213897 2743.02 2176.2861 25.686249 35
220050000 213854 2784.0415 1768.3612 22.280357 92
220050000 213859 2049.2593 2100.1665 26.864594 83
220050000 213891 2441.2163 1696.9209 25.963074 110
220050000 213911 2383.954 2413.3965 16.127869 68
220050000 213877 2289.8787 1825.5175 24.54515 71


