# Monster spawns by Atomix from http://aion.atomixro.com
# Mob missing ?
# Remember The Spawns Need A Little Rework Later.
# Thanks to TheOne & Matej for helping me.
# mapid npcid x y z heading

# Verteron

# Abandoned Cargo (210299)
210030000 210299 2355.06 879.23 99.05875 0
210030000 210299 2337.67 855.69 98.68 0
210030000 210299 2354.67 852.3 99.04187 0
210030000 210299 2335.48 801.27 98.88 0
210030000 210299 2318.04 778.67 99.25 0
210030000 210299 2338.89 736.26 98.88 0
210030000 210299 2359.49 752.15 98.88 0
210030000 210299 2452.01 851.3 98.96 0
210030000 210299 2509.04 863.36 99.125 0
210030000 210299 2514.93 838.62 99.0 0
210030000 210299 2505.59 817.13 98.88 0
210030000 210299 2505.05 813.67 98.88 0
210030000 210299 2475.27 817.81 99.21 0
210030000 210299 2464.12 820.43 98.88 0
210030000 210299 2447.27 807.37 99.12 0
210030000 210299 2454.44 794.74 98.88 0 
210030000 210299 2466.36 798.58 98.88 0
210030000 210085 2213.66 628.93 98.82938 0
210030000 210085 2254.24 662.72 99.02 0
# Ancient Elyos Spirit
210030000 210343 2163.387 2303.742 257 0
210030000 210343 2100.644 2272.429 230.63837 0
210030000 210343 2044.534 2299.813 265.8867 0
210030000 210343 1987.392 2759.41 287.3952 0
210030000 210343 2042.974 2333.468 264.6194 0
210030000 210343 2151.833 2134.784 184.63863 0
210030000 210343 2075.13 2312.156 257.96106 0
210030000 210343 2182.679 2379.918 258.76962 0
210030000 210343 2151 2134 185 0
# Aqueous Spirit
210030000 210080 2358.846 1720.273 109.14206 0
210030000 210080 2282.183 1784.429 109.375 0
210030000 210080 2294.737 1887.677 108.875 0
210030000 210080 2425.59 1778.949 109.25 0
210030000 210080 2296.832 1847.82 109.375 0
210030000 210080 2263.139 1766.818 110 0
210030000 210080 2392.004 1776.215 111 0
210030000 210080 2284.377 1878.782 109.25 0
210030000 210080 2330.05 1862.61 110 0
210030000 210080 2267.587 1802.565 109.375 0
210030000 210080 2407.905 1833.412 108.891426 0
210030000 210080 2379.751 1802 111 0
210030000 210080 2273.026 1832.487 109.37744 0
210030000 210080 2301.19 1729.99 109.375 0
210030000 210080 2338.537 1755.03 109.375 0
210030000 210080 2372.688 1837.25 109.296875 0
210030000 210080 2269.101 1757.678 110 0
210030000 210080 2310.122 1727.225 109.42344 0
# Arachna
210030000 210745 1949.22 2663.166 296.07962 0
210030000 210745 2043.563 2641.642 300 0
210030000 210745 1867.044 2548.526 300.755 0
210030000 210745 1908.089 2536.583 298.78543 0
210030000 210745 2040.818 2624.803 298.60037 0
210030000 210745 1847.596 2556.977 298.43607 0
210030000 210745 2014.023 2603.737 296.66074 0
210030000 210745 1952.704 2636.636 297.43298 0
210030000 210745 1921.191 2528.381 298.2768 0
210030000 210745 1967.145 2664.11 295.8681 0
210030000 210745 2028.862 2598.158 299.5609 0
210030000 210745 1968.655 2645.052 300.57538 0
210030000 210745 1894.07 2542.92 299.5688 0
210030000 210745 1939.469 2544.916 296.76324 0
210030000 210745 1954.036 2539.349 299.28394 0
# Aishi
210030000 210313 2203.044 1986.355 132.69156 0
210030000 210313 2143.845 1974.974 132.05762 0
210030000 210313 2166.869 1756.001 128.65814 0
210030000 210313 2213.348 1660.868 124.31969 0
210030000 210313 2267.229 1627.581 124.29908 0
# Broken Rock Kalgolem
210030000 210106 1946.776 2765.416 281.8995 0
210030000 210106 1886.811 2744.067 271.05487 0
210030000 210106 2080.658 2142.35 202.062 0
210030000 210106 1965.612 2706.287 293.72577 0
210030000 210106 2162.269 2341.174 253.20886 0
210030000 210106 1927.68 2568.77 395.0031 0
210030000 210106 2190.18 2150.97 174.41687 0
210030000 210106 1960.063 2553.382 292.65967 0
210030000 210106 1950.174 2808.466 277.06912 0
210030000 210106 1988.392 2710.754 296.34048 0
210030000 210106 2138.84 2290.25 238.22438 0
210030000 210106 2132.29 2137.253 191.19562 0
210030000 210106 1915.641 2823.619 277.9762 0
210030000 210106 1998.333 2785.253 283.2751 0
210030000 210106 1857.811 2552.274 298.82895 0
210030000 210106 2001.594 2683.303 295.98712 0
210030000 210106 1945.328 2686.239 294.3722 0
210030000 210106 2010.51 2587.193 297.16248 0
210030000 210106 1881.622 2792.551 275.55807 0
210030000 210106 2117.69 2352.117 251.9163 0
210030000 210106 1984.248 2646.537 302.31042 0
210030000 210106 2002.368 2431.195 274.63068 0
210030000 210106 1940.588 2617.228 295.12918 0
210030000 210106 1796.8 2772.315 273.91437 0
210030000 210106 1958.75 2649.42 298.34875 0
210030000 210106 1825.828 2761.045 276.88013 0
210030000 210106 1975.844 2572.458 295.20816 0
210030000 210106 2064.248 2343.604 261.54547 0
210030000 210106 2031.803 2315.61 263.82336 0
210030000 210106 1962.385 2734.628 302.75534 0
210030000 210106 2056.134 2376.147 265.78836 0
210030000 210106 1973.265 2392.95 291.15125 0
210030000 210106 2223.89 2313.259 264.16867 0
210030000 210106 2171.174 2364.442 257.0254 0
210030000 210106 1869.547 2764.915 275.77066 0
210030000 210106 2016.898 2651.866 299.56158 0
# Brownbeak Airon
210030000 210203 1910.305 1444.802 99 0
210030000 210203 1555.468 1282.82 99.09175 0
210030000 210203 1742.702 1723.738 99.73363 0
210030000 210203 1602.574 1263.451 99.08913 0
210030000 210203 1143.843 1808.056 99.0035 0
210030000 210203 1529.492 1705.611 99.220665 0
210030000 210203 1729.924 1709.911 99.37975 0
210030000 210203 1573.613 1361.134 98.95331 0
210030000 210203 1500.27 1572.223 99.35812 0
210030000 210203 1560.932 1684.578 98.7415 0
210030000 210203 1514.173 1556.895 100.21568 0
210030000 210203 1914.425 1411.405 99.27793 0
210030000 210203 1580.365 1707.219 98.625 0
210030000 210203 1754.427 1711.472 99.25 0
210030000 210203 1797.869 1576.143 99.01 0
210030000 210203 1910.109 1436.089 98.76 0
210030000 210203 1497.051 1547.37 100.67744 0
210030000 210203 1162.097 1781.764 99.393196 0
210030000 210203 1551.181 1704.132 98.625 0
210030000 210203 1593.153 1707.901 98.637375 0
210030000 210203 1866.035 1467.716 99 0
210030000 210203 1597.847 1268.531 99.15819 0
210030000 210203 1951.606 1451.629 98.759995 0
210030000 210203 1158.747 1789.467 99.18506 0
210030000 210203 1836.563 1563.138 99.385 0
210030000 210203 1565.118 1382.689 99.61294 0
210030000 210203 1937.731 1425.736 99.10265 0
210030000 210203 1453.669 1493.845 99 0
210030000 210203 1574.945 1368.805 99.35063 0
210030000 210203 1829.239 1577.349 98.933044 0
210030000 210203 1455.821 1490.879 98.76 0
210030000 210203 1565.803 1258.72 99.125 0
210030000 210203 1798.756 1579.046 99.01 0
210030000 210203 1471.181 1470.578 99.323814 0
210030000 210203 1869.813 1421.128 99.066185 0
210030000 210203 1156.738 1754.131 99.342255 0
210030000 210203 1962.044 1443.152 99.125 0
210030000 210203 1882.739 1459.203 99 0
210030000 210203 1587.343 1349.426 98.885 0
210030000 210203 1509.647 1574.627 99.39212 0
# Captain Kinsgreen
210030000 210075 2116.237 634.439 100.12865 0
# Chieftain Kraka
210030000 210187 2617.029 1111.371 200.22067 0
# Contaminated Malodor
210030000 210329 1552.65 2488.51 138.81686 0
210030000 210329 1671.661 2469.225 134.77692 0
210030000 210329 1721.965 2419.68 142.31001 0
210030000 210329 1714.133 2351.136 137.30363 0
210030000 210329 1596.173 2404.279 135.22174 0
210030000 210329 1604.87 2484.6 138.4169 0
210030000 210329 1582.298 2304.609 146.84161 0
210030000 210329 1698.537 2213.923 174.22604 0
210030000 210329 1681.161 2418.356 130.06793 0
210030000 210329 1642.937 2393.079 133.06644 0
210030000 210329 1636.685 2349.142 131.96799 0
210030000 210329 1734 2234 176.25 0
# Contaminated Pluma
210030000 210344 2179.912 2360.529 257.261 0
210030000 210344 1973.252 2738.188 302.578 0
210030000 210344 1997.899 2752.565 289.79175 0
210030000 210344 2003.498 2697.265 296.82684 0
210030000 210344 2015.612 2372.936 278 0
210030000 210344 1972.962 2397.462 291.3845 0
210030000 210344 2122.552 2281.584 235.41 0
210030000 210344 1981.806 2476.908 303.32712 0
210030000 210344 1935.878 2717.263 290.8718 0
210030000 210344 2095.365 2349.632 256.7893 0
210030000 210344 2163.637 2386.869 262.51523 0
210030000 210344 2187.722 2125.252 170.00381 0
210030000 210344 1918.354 2758.662 282.89798 0
210030000 210344 2179.617 2328.235 253.35106 0
# Contaminated Sylphen(TO REDO)
210030000 210741 1779.434 2444.372 177 0
210030000 210741 1777.256 2409.31 177 0
210030000 210741 1604.11 2341.89 133.02 0
210030000 210741 1629.48 2351.79 132 0
210030000 210741 1639.56 2299.83 140.44 0
210030000 210741 1639.06 2293.56 142.95 0
210030000 210741 1627.78 2351.96 131.88 0
210030000 210741 1599.97 2335.47 134.35 0
210030000 210741 1600.04 2379.76 133.72 0
210030000 210741 1567.78 2363.6 135.65 0
210030000 210741 1649.02 2401.8 133.83 0
210030000 210741 1588.89 2423.36 133.77 0
210030000 210741 1628.47 2356.34 131.35 0
210030000 210741 1636.32 2351.96 131.98 0
210030000 210741 1584.78 2423.5 134.2 0
210030000 210741 1600.39 2335.46 134.33 0
210030000 210741 1596.91 2326.88 136.72 0
210030000 210741 1635.56 2291.24 143.78 0
210030000 210741 1624.53 2362.71 130.84 0
210030000 210741 1568 2365.46 135.41 0
210030000 210741 1598.43 2383.97 134.51 0
210030000 210741 1638 2296.73 141.6 0
#Contaminated-Slime
210030000 210121 1732.75 2729.28 267.52563 0
210030000 210121 1748.95 2731.51 268.0 0 
210030000 210121 1761.43 2746.09 268.3319 0
210030000 210121 1763.53 2722.88 268.09937 0
210030000 210121 1769.65 2716.29 268.11 0
210030000 210121 1784.65 2709.11 267.73 0
210030000 210121 1791.11 2734.54 267.98 0
210030000 210121 1783.67 2748.52 269.44 0
210030000 210121 1832.72 2684.45 267.5 0
210030000 210121 1803.62 2727.74 268.14 0
210030000 210121 1609.84 2457.49 134.02 0
210030000 210121 1612.64 2459.72 134.34 0
210030000 210121 1633.98 2460.07 135.00438 0
210030000 210121 1635.48 2456.72 134.81 0
210030000 210121 1633.56 2477.03 133.82 0
210030000 210121 1632.27 2478.18 133.86 0
210030000 210121 1630.5 2473.92 133.88 0
210030000 210121 1640.68 2492.03 133.5 0
210030000 210121 1639.16 2484.94 133.57 0
210030000 210121 1673.39 2522.66 150.72 0
210030000 210121 1684.4 2521.3 150.85 0
210030000 210121 1693.57 2527.85 150.28 0
210030000 210121 1689.52 2508.69 150.74 0
210030000 210121 1693.08 2503.66 150.62 0
210030000 210121 1696.31 2513.76 151.22 0
210030000 210121 1705.21 2518.49 149.25 0
210030000 210121 1711.98 2528.23 148.89 0
210030000 210121 1713.23 2505.77 149.38 0
210030000 210121 1702.51 2501.09 151.87 0
210030000 210121 1717.62 2479.93 151.38 0
210030000 210121 1723.52 2492.1 149.74 0
210030000 210121 1728.09 2509.05 149.13 0
210030000 210121 1737.82 2504.5 149.25 0
210030000 210121 1741.72 2489.57 149.25 0
210030000 210121 1750.47 2490.2 151.18 0
210030000 210121 1755.45 2502.87 150.39 0
210030000 210121 1756.08 2507.38 150.03 0
210030000 210121 1760.58 2492.28 152.55 0
# Crack Krall Tower Wallarm
210030000 210694 2305.433 1259.372 176.27916 0
210030000 210694 2418.171 1186.514 190.22095 0
210030000 210694 2293.53 1114.648 169.04613 0
# Crack Tursin Bigmouth
210030000 210168 2397.194 1098.156 169.92644 0
210030000 210168 2331.516 1166.109 164.2402 0
210030000 210168 2491.956 1193.221 186.90262 0
210030000 210168 2288.537 1069.377 157.34424 0
210030000 210168 2270.276 1160.798 159.33778 0
210030000 210168 2499.391 1144.93 182.78806 0
210030000 210168 2385.231 1341.697 190.75 0
210030000 210168 2372.35 1126.252 165.75 0
210030000 210168 2346.98 1124.426 164.27211 0
210030000 210168 2297.014 1062.046 157.5 0
210030000 210168 2525.204 1191.983 186.07419 0
# Crack Tursin Smackstopper
210030000 210179 2356.007 1190.014 171 0
210030000 210179 2598.84 1140.45 195 0
210030000 210179 2182.208 1244.397 168 0
210030000 210179 2393.415 1183.69 173 0
210030000 210179 2488.2764 1174.2814 185.35803 0
210030000 210179 2325.107 1311.566 188 0
210030000 210179 2211.258 1327.213 177 0
210030000 210179 2195.88 1277.512 170 0
210030000 210179 2574.701 1134.574 195 0
210030000 210179 2235.002 1276.382 170 0
210030000 210179 2168.4683 1225.8712 167.375 0
210030000 210179 2244.291 1206.217 166 0
210030000 210179 2392.075 1273.922 185 0
210030000 210179 2212.463 1248.927 167 0
210030000 210179 2332.017 1238.936 162 0
210030000 210179 2586.844 1117.597 195 0
# Crack Tursin Tracker
210030000 210185 2506.062 1196.66 186.20363 0
210030000 210185 2283.88 1121.39 162.56815 0
210030000 210185 2344.08 1264.04 176.13501 0
210030000 210185 2357.072 1183.62 166.55225 0
210030000 210185 2378.759 1316.368 188.79175 0
210030000 210185 2351.936 1159.814 158.875 0
210030000 210185 2479.082 1144.772 185.73975 0
210030000 210185 2336.548 1325.77 184.40825 0
210030000 210185 2316.119 1267.796 173.22552 0
210030000 210185 2441.987 1178.551 188.37257 0
210030000 210185 2191.886 1275.832 166.5105 0
210030000 210185 2352.821 1113.13 165.625 0
210030000 210185 2487.027 1195.253 187.09583 0
210030000 210185 2302.713 1167.434 166.65305 0
210030000 210185 2197.734 1255.812 163.63599 0
210030000 210185 2420.506 1484.337 164.90663 0
210030000 210185 2242.507 1238.026 161.56013 0
210030000 210185 2524.609 1185.148 185.61417 0
210030000 210185 2350.177 1078.088 169.625 0
210030000 210185 2297.547 1084.781 158.52051 0
210030000 210185 2298.104 1277.928 171.116 0
210030000 210185 2469.234 1158.768 186.72076 0
210030000 210185 2572.314 1140.551 192.52443 0
210030000 210185 2260 1296 168.6606 0
# Crimson Malodor
210030000 210070 1603.194 1124.323 114.67962 0
210030000 210070 1579.281 1078.528 113.30475 0
210030000 210070 1609.14 1047.33 117.16214 0
# Dukaki Berserker
210030000 210095 1568.963 1115.089 113.694435 0
210030000 210095 1656.508 1076.771 117.56775 0
210030000 210095 1750.137 976.1392 129.99115 0
210030000 210095 1757.67 1002.866 128 0
210030000 210095 1640.232 1077.355 115.82338 0
210030000 210095 1862.306 1108.924 125.82687 0
210030000 210095 1937.783 1039.909 135.10574 0
210030000 210095 1560.451 1126.931 113.54724 0
210030000 210095 1577.753 1147.267 113.21274 0
210030000 210095 1549.205 1120.21 115.148445 0
210030000 210095 1608.655 1069.773 114.13919 0
# Dukaki Bruiser
210030000 210098 1013.31 2242.68 165.83937 0
210030000 210098 758.8752 2675.522 219.27483 0
210030000 210098 666.9243 2459.464 226.19199 0
210030000 210098 815.2917 2676.079 222.29141 0
210030000 210098 664.3092 2562.746 226.65231 0
210030000 210098 681.4504 2448.808 225.53435 0
210030000 210098 889.42 2308.92 185.27625 0
210030000 210098 855.4766 2516.857 190.8094 0
210030000 210098 691.7225 2533.502 222.95152 0
210030000 210098 905.98 2444.66 188.49371 0
210030000 210098 892.0666 2115.952 151.10835 0
210030000 210098 992.57 2363.44 179.55437 0
210030000 210098 980.53 2459.41 184.55875 0
210030000 210098 717.4988 2555.573 224 0
210030000 210098 891.7086 2068.627 157.1973 0
210030000 210098 990.9633 2202.6 153.53955 0
210030000 210098 704.1719 2642.633 227.47562 0
# Dukaki Champion
210030000 210100 1590.353 1125.689 112.65231 0
210030000 210100 1570.794 1113.284 113.40076 0
210030000 210100 1664.385 1063.79 117.473434 0
210030000 210100 1759.644 1002.676 128 0
210030000 210100 1614.682 1104.113 113.88913 0
210030000 210100 1860.923 1110.472 125.86669 0
# Dukaki Flagbearer
210030000 210068 1932.291 882.6061 130.91287 0
210030000 210068 2369.38 1312.92 186.12372 0
210030000 210068 2230.027 1317.77 170.97054 0
210030000 210068 2222.23 1234.263 162.14526 0
210030000 210068 1793.41 1089.53 123.90437 0
210030000 210068 2303.912 1081.759 158.72945 0
210030000 210068 1635.328 1070.399 114.44094 0
210030000 210068 1729.084 1020.722 127.364624 0
210030000 210068 1674.398 1080.007 116.52531 0
# Dukaki Follower
210030000 210695 2303.113 1213.626 167.91307 0
210030000 210695 2286.006 1182.879 167.4864 0
210030000 210695 2319.199 1174.147 168.13655 0
210030000 210695 2299.286 1187.418 168.18013 0
210030000 210695 2326.589 1185.649 168.90839 0
210030000 210695 2299.363 1190.349 167.875 0
210030000 210695 2285.427 1199.608 167.64256 0
210030000 210695 2318.327 1204.927 169.10239 0
210030000 210695 2317.29 1172.612 167.40102 0
210030000 210695 2285.009 1185.653 167.64581 0
210030000 210695 2299.286 1184.244 167.875 0
210030000 210695 2324.947 1182.931 169.20605 0
210030000 210695 2284.766 1194.022 167.79651 0
210030000 210695 2323.255 1180.701 169.67157 0
210030000 210695 2285.237 1196.815 167.75508 0
210030000 210695 2320.536 1203.238 169.15326 0
210030000 210695 2316.248 1206.491 168.89244 0
210030000 210695 2305.606 1212.332 168.19162 0
# Dukaki Miner
210030000 210145 898.8297 2296.188 182.30653 0
210030000 210145 836.524 2246.936 179.66052 0
210030000 210145 970.9409 2242.11 157.77115 0
210030000 210145 861.7779 2118.125 157.33504 0
210030000 210145 987.7545 2299.326 169.68246 0
210030000 210145 951.4009 2092.388 148.60437 0
210030000 210145 898.1024 2124.199 150.625 0
210030000 210145 1020.049 2230.151 161.53442 0
210030000 210145 838.4562 2213.595 160.58057 0
210030000 210145 993.4363 2312.823 169.93954 0
210030000 210145 847.3101 2331.394 194.47697 0
210030000 210145 855.202 2457.643 192.97475 0
210030000 210145 1006.827 2305.692 169.375 0
210030000 210145 895.473 2430.837 182.8023 0
210030000 210145 869.3363 2052.663 157.87317 0
210030000 210145 929.472 2067.599 152.75795 0
210030000 210145 956.8456 2231.951 160.47853 0
210030000 210145 878.972 2152.855 155.49619 0
210030000 210145 839.3782 2196.654 159.46114 0
210030000 210145 957.6925 2364.497 180.6435 0
210030000 210145 1038.308 2270.714 169.75974 0
210030000 210145 946.5126 2015.914 172.17317 0
210030000 210145 1020.52 2360.32 174.725 0
210030000 210145 898.6255 2210.381 159.25 0
210030000 210145 911.7866 2065.325 156.26115 0
210030000 210145 928.9905 2214.729 160.43344 0
210030000 210145 874.5963 2095.308 148.97661 0
210030000 210145 853.8279 2199.033 159.23924 0
210030000 210145 887.5278 2414.204 182.49306 0
210030000 210145 869.6141 2449.534 192.57175 0
210030000 210145 875.3318 2127.139 150.16705 0
210030000 210145 985.1078 2207.864 152.02176 0
210030000 210145 929.9915 2277.313 177.48763 0
210030000 210145 965.3127 2108.304 152.019 0
210030000 210145 906.5 2044.54 160.15875 0
210030000 210145 900.1968 2379.279 182.75 0
210030000 210145 892.8445 2242.409 178.63724 0
210030000 210145 915.3377 2180.227 151.30676 0
210030000 210145 930 2350 179.01099 0
# Dukaki Peon
210030000 210150 972.3937 2256.07 159.95924 0
210030000 210150 868.0272 2034.889 157.29706 0
210030000 210150 960.5211 2198.081 152.85257 0
210030000 210150 849.0443 2540.741 192.36392 0
210030000 210150 974.3433 2192.208 150.91791 0
210030000 210150 824.5933 2240.303 185.433 0
210030000 210150 1013.276 2225.999 160.82962 0
210030000 210150 1017.043 2212.571 160.2197 0
210030000 210150 1043.763 2161.739 167.0183 0
210030000 210150 1041.795 2402.019 180.6936 0
210030000 210150 1008.08 2315.579 168.650 0
210030000 210150 1045.294 2247.591 179.62181 0
210030000 210150 988.7076 2244.191 157.05615 0
210030000 210150 936.34 2383.07 182.71313 0
210030000 210150 960.6582 2369.28 181.49387 0
210030000 210150 1032.34 2145.999 163.85672 0
210030000 210150 918.9611 2268.811 177.7223 0
210030000 210150 916.5252 2282.444 176.52776 0
210030000 210150 970.66 2123.28 151.805 0
210030000 210150 861.7899 2141.958 157.64601 0
210030000 210150 847.0355 2275.867 185.4451 0
210030000 210150 949.1314 2215.01 157.74492 0
210030000 210150 847.2709 2235.55 178.0314 0
210030000 210150 952.2941 2344.544 177.841 0
210030000 210150 923.5544 2333.666 178.431 0
210030000 210150 950.8653 2529.108 186.00859 0
210030000 210150 868.0272 2034.889 157.29706 0
210030000 210150 849.0443 2540.741 192.36392 0
210030000 210150 959.8744 2535.243 187.97089 0
210030000 210150 833.5469 2383.563 197.3172 0
210030000 210150 1008.45 2121.29 166.12875 0
210030000 210150 878.6143 2464.585 193.00183 0
210030000 210150 957.2578 2021.213 174.7104 0
210030000 210150 913.3673 2079.172 154.20697 0
210030000 210150 917.97 2050.18 155.33752 0
210030000 210150 873.07 2069.06 152.23685 0
210030000 210150 868.2911 2082.219 149.36131 0
210030000 210150 895.9875 2143.013 151.00084 0
210030000 210150 995.265 2138.708 151.71082 0
210030000 210150 925.7675 2000.811 176.04724 0
210030000 210150 847.0 2235.0 176.3125 0
# Dukaki Runner
210030000 210067 783.0096 2599.254 218.54544 0
210030000 210067 934.3871 2575.252 178.14755 0
210030000 210067 1042.92 2338.84 171.37 0
210030000 210067 778.5836 2530.95 217.96353 0
# Dukaki Scrapper
210030000 210093 992.85 2420.35 179.91563 0
210030000 210093 826.4129 2647.117 217.52162 0
210030000 210093 795.4747 2534.651 216.50296 0
210030000 210093 1013.54 2273.74 169.37125 0
210030000 210093 942.56 2418.14 185.90375 0
210030000 210093 669.1956 2548.148 222.46822 0
210030000 210093 703.5983 2583.1 224.81876 0
210030000 210093 741.1395 2642.585 221.73447 0
210030000 210093 988.21 2397.27 180.03375 0
210030000 210093 788.9487 2666.646 220.53903 0
210030000 210093 662.05 2627.19 240.82124 0
# Dukaki Tracker
210030000 210088 1013.697 2267.815 169.03787 0
210030000 210088 882.59 2248.8 177.8688 0
210030000 210088 922.7325 2426.995 188.10919 0
210030000 210088 1055.13 2367.67 175.32936 0
210030000 210088 963.0547 2393.027 182.49655 0
210030000 210088 860.2938 2479.89 191.62961 0
210030000 210088 969.3664 2309.488 176.35822 0
210030000 210088 878.93 2367.88 188.50876 0
210030000 210088 1004.57 2368.7 179.23062 0
210030000 210088 850.5955 2536.725 192.01859 0
210030000 210088 1026.541 2274.816 168.89218 0
210030000 210088 917.2809 2248.073 179.16995 0
210030000 210088 845.9172 2591.987 205.2699 0
210030000 210088 746.8345 2462.799 217.80215 0
210030000 210088 893.48 2035.72 163.2375 0 
210030000 210088 929.63 2097.88 159.70691 0
210030000 210088 1059.339 2212.381 165.1912 0
210030000 210088 877.5932 2608.108 202.08456 0
210030000 210088 952.3735 2385.386 183.6416 0
210030000 210088 918.99 2200.29 159.25 0
210030000 210088 633.3707 2532.191 226.09059 0
210030000 210088 671.1053 2592.603 226.94229 0
210030000 210088 820.22 2565.33 205.04189 0
210030000 210088 693.3535 2506.795 223.94104 0
210030000 210088 786.46 2604.81 217.9425 0
210030000 210088 667.5791 2641.758 241.0 0
210030000 210088 623.6323 2483.251 228.93106 0
210030000 210088 650.1095 2522.35 223.72128 0
210030000 210088 741.7921 2625.333 221.16397 0
210030000 210088 1059 2212 165.125 0
210030000 210088 1588.87 1123.965 112.23156 0
210030000 210088 1612.83 1106.124 114.1405 0
210030000 210088 1814.405 1091.779 125.375 0
210030000 210088 1592.075 1078.74 112.58812 0
210030000 210088 1928.167 1096.331 137.18707 0
210030000 210088 1059 2212 165.125 0
# Dukaki Watcher
210030000 210090 767.5037 2463.355 2215.8657 0
210030000 210090 730.6373 2544.971 223.02084 0
210030000 210090 856.1831 2336.81 193.2663 0
210030000 210090 896.9883 2087.006 152.99924 0
210030000 210090 777.4689 2667.721 220.32437 0
210030000 210090 827.9443 2628.521 213.3186 0
210030000 210090 846.5289 2427.203 192.5503 0
210030000 210090 871.23 2495.18 190.29813 0
210030000 210090 795.939 2459.634 214.25381 0
210030000 210090 850.8889 2668.899 219.87625 0
210030000 210090 765.8251 2527.719 218.35313 0
210030000 210090 738.6855 2428.691 215.45715 0
210030000 210090 808.7639 2647.593 218.82413 0
210030000 210090 1006.21 2387.05 178.65811 0
210030000 210090 758.454 2579.719 220.70407 0
210030000 210090 977.2183 2380.937 180.29282 0
210030000 210090 895.3071 2463.36 191.2532 0
210030000 210090 801.9166 2598.976 214.77641 0
210030000 210090 934.85 2485.409 189.94687 0
210030000 210090 962.0502 2512.028 193.0 0
210030000 210090 721.9867 2650.649 226.79388 0
210030000 210090 701.9609 2543.798 223.75 0
210030000 210090 653.0334 2456.385 226.78635 0
210030000 210090 742.3497 2490.51 217.33546 0
210030000 210090 833.6548 2454.484 196.0347 0
210030000 210090 1034.84 2418.3 179.5 0
210030000 210090 649.9516 2658.043 240.87769 0
210030000 210090 871 2495 190.3125 0
210030000 210090 858.86 2302.526 192.59708 0
210030000 210090 1049.062 2191.742 172.41911 0
210030000 210090 786.9744 2420.628 213.44508 0
210030000 210090 1592.747 1146.8 113.89337 0
210030000 210090 1765.143 1023.255 129.82835 0
210030000 210090 1562.916 1126.75 113.36987 0
210030000 210090 1736.476 983.1926 130.125 0
210030000 210090 1925.131 1098.197 137.49493 0
210030000 210090 1643.66 1052.784 118.20674 0
210030000 210090 871 2495 190.3125 0
210030000 210090 251.2775 1822.3 152.56445 0
210030000 210090 300.3945 2062.651 169.75 0
210030000 210090 362.6159 1867.962 149.69444 0
# Fierce Waterworm
210030000 210210 2424.959 1804.265 109.14156 0
210030000 210210 2301.778 1867.134 109.375 0
210030000 210210 2360.932 1873.135 108.875 0
210030000 210210 2389.797 1740.253 109.375 0
210030000 210210 2284.714 1741.322 109.375 0
# Frillneck Hatchling
210030000 210103 1734.55 2192.73 177.82 0
210030000 210103 1728.81 2195.71 175.92 0
210030000 210103 1721.2 2188.26 176.8 0
210030000 210103 1634.61 2162.56 178.79 0
210030000 210103 1628.59 2165.02 179.57 0
210030000 210103 1627.25 2100.25 166.9 0
210030000 210103 1628.02 2101.39 167.05 0
210030000 210103 1615.76 2109.76 167.46 0
210030000 210103 1610.86 2101.01 166.69 0
210030000 210103 1624.24 1943.74 161.04 0
210030000 210103 1516.45 1957.25 143.65 0
210030000 210103 1509.62 1956.75 143.17 0
210030000 210103 1498.25 1955.76 142.02 0
210030000 210103 1489.75 1961.14 141.01 0
210030000 210103 1490.54 1965.17 141.95 0
210030000 210103 1499.2864 1976.234 142.61038 0
210030000 210103 1506.25 1976.75 142.29 0
# Frillneck Mother
210030000 210127 1735.31 2193.65 177.84 0
210030000 210127 1721.36 2189.2 176.57 0
210030000 210127 1729.52 2196.35 175.87 0
210030000 210127 1634.62 2163.77 178.76 0
210030000 210127 1625.91 2166.96 179.77 0
210030000 210127 1629.75 2166.75 179.47 0
210030000 210127 1628.26 2099.23 166.76 0
210030000 210127 1616.0 2111.47 167.78 0
210030000 210127 1609.94 2100.82 166.46 0
210030000 210127 1623.05 1943.87 160.75 0
210030000 210127 1515.75 1956.25 143.62 0
210030000 210127 1497.49 1955.09 141.92 0
210030000 210127 1489.75 1966.25 141.97 0
210030000 210127 1507.07 1977.4 142.11 0
210030000 210127 1489.75 1966.25 141.97 0
210030000 210127 1503.72 1978.12 142.4 0
# Frost Wind Spirit
210030000 210711 2307.58 1607.38 123.362495 0
210030000 210711 2518.221 1632.079 132.74506 0
210030000 210711 2594.117 1651.874 134.0298 0
210030000 210711 2340.842 2012.066 124.0765 0
210030000 210711 2174.555 1797.396 123.59645 0
210030000 210711 2237.685 1665.849 120.97951 0
210030000 210711 2203.212 1710.502 121.48328 0
210030000 210711 2476.927 1810.757 119.4635 0
210030000 210711 2412.147 1943.474 125.51837 0
210030000 210711 2362.193 1679.733 115.133484 0
210030000 210711 2246.552 1655.212 122.194 0
210030000 210711 2409.481 1859.613 119.028946 0
210030000 210711 2374.337 1925.973 117.23617 0
210030000 210711 2342.141 1636.092 120.220856 0
210030000 210711 2251.899 1876.587 114.54703 0
210030000 210711 2571.323 1751.121 129.61044 0
210030000 210711 2283.718 1617.68 124.55999 0
210030000 210711 2466.83 1750.406 115.70451 0
210030000 210711 2212.785 1638.931 128.80325 0
210030000 210711 2395.454 1657.613 118.51425 0
210030000 210711 2521.822 1900.087 127.59707 0
210030000 210711 2523.503 1685.223 125.0318 0
# Giant Rakeclaw Frillneck
210030000 210200 1774.985 2466.063 154.12912 0
210030000 210200 1618.254 2380.767 132.2103 0
210030000 210200 1774.045 2390.472 142.41858 0
210030000 210200 1777.978 2424.433 149.36813 0
210030000 210200 1602.755 2362.237 131.74826 0
210030000 210200 1774 2466 153.875 0
# Glade Pluma
210030000 210194 1540.013 2319.779 149.75977 0
210030000 210194 1583.03 2259.181 152.82602 0
210030000 210194 1581.892 2239.302 155.40512 0
210030000 210194 1609.977 2266.442 148.48691 0
210030000 210194 1543.642 2268.105 152.48032 0
210030000 210194 1574.173 2297.383 148.22838 0
# Gumi
210030000 210342 1522.311 1109.959 101.094635 0
210030000 210342 1503.899 1232.95 100.90288 0
210030000 210342 1530.966 1238.911 110.311195 0
210030000 210342 1516.292 1197.207 100.1095 0
210030000 210342 1520.406 1099.72 100.334 0
210030000 210342 1523.918 1160.345 100.474365 0
210030000 210342 1509.063 1243.162 104.579865 0
210030000 210342 1581.313 1025.916 98.91412 0
210030000 210342 1565.651 1049.599 99.449875 0
210030000 210342 1514.648 1176.587 99.0405 0
210030000 210342 1523.823 1224.295 110.315605 0
210030000 210342 905.3864 422.9225 99.3267 0
210030000 210342 1214.229 2497.748 99.3267 0
210030000 210342 1091.707 2425.232 233.82916 0
210030000 210342 1795.614 1485.552 107.056 0
210030000 210342 183.5688 1298.425 164.68872 0
210030000 210342 469.8061 1542.569 106.51212 0
210030000 210342 480.6751 1559.205 106.7044 0
210030000 210342 461.7921 1559.583 108.44287 0
# Kobold Cook
210030000 210332 962.8401 2467.255 186.6975 0
210030000 210332 862.9846 2613.963 203.75 0
210030000 210332 790.4025 2556.034 215.625 0
210030000 210332 647.4431 2551.766 226.11595 0
210030000 210332 778.1902 2640.136 217.77039 0
210030000 210332 962.4561 2480.878 186.125 0
210030000 210332 866.8513 2615.269 203.75 0
210030000 210332 663.2878 2658.577 240.875 0
210030000 210332 783.3559 2644.987 218.45813 0
210030000 210332 788.6318 2564.616 215.625 0
210030000 210332 778 2640 217.75 0
# Laborer
210030000 210706 1484.455 1513.032 101.661064 0
210030000 210706 1496.304 1497.843 102.672806 0
210030000 210706 1888.687 1420.279 99.0 0
210030000 210706 1477.259 1527.052 103.96762 0
210030000 210706 1640.835 1286.097 102.256065 0
210030000 210706 1858.599 1402.205 101.72525 0
210030000 210706 1466.573 1504.818 102.77837 0
210030000 210706 1642.073 1307.104 103.12956 0
210030000 210706 1628.149 1295.979 101.63563 0
210030000 210706 1846.107 1409.383 102.063736 0
210030000 210706 2167.46 2199.79 211.53583 0
210030000 210706 2179.23 2213.8 282.5769 0
210030000 210706 2180.17 2221.625 276.47787 0
210030000 210706 2257.886 2634.793 215.95242 0
210030000 210706 2333.444 2580.75 192.14062 0
210030000 210706 2237.881 2269.633 196.29799 0
210030000 210706 2347.74 2378.859 196.49774 0
210030000 210706 2136.366 2310.996 241.85164 0
210030000 210706 2196.423 2311.365 259.66467 0
210030000 210706 2426.525 2358.07 193.74716 0
210030000 210706 2276.826 2613.279 192.375 0
210030000 210706 2252.988 2602.021 197.75525 0
# Leaf Pluma
210030000 210193 1479.115 1909.416 139.13824 0
210030000 210193 1238.56 2074.837 144.0727 0
210030000 210193 1579.677 2171.914 157.43944 0
210030000 210193 1629.68 2001.071 155.75808 0
210030000 210193 1559.632 2037.542 151.85199 0
210030000 210193 1257.768 2080.359 142.22623 0
210030000 210193 1699.845 2133.665 179.59126 0
210030000 210193 1560.153 2116.436 154.42137 0
210030000 210193 1356.645 2031.455 148.09094 0
210030000 210193 1478.955 2238.103 151.11374 0
210030000 210193 1506.577 1953.488 142.72913 0
210030000 210193 1437.562 1919.232 134.154 0
210030000 210193 1395.035 2254.702 161.01099 0
210030000 210193 1674.145 2011.323 163.26619 0
210030000 210193 1453.206 2256.084 151.65125 0
210030000 210193 1630.89 2156.793 179.125 0
210030000 210193 1613.572 1981.345 158.24945 0
210030000 210193 1493.622 1898.403 142.57774 0
210030000 210193 1552.648 2074.725 155.456 0
210030000 210193 1553.844 2016.883 152.81981 0
210030000 210193 1630.049 2203.411 164.08588 0
210030000 210193 1639.078 2047.992 160.895 0
210030000 210193 1374.467 2044.214 147.6807 0
210030000 210193 1612.54 1945.596 158.9005 0
210030000 210193 1529.788 1911.148 152.47374 0
210030000 210193 1670.302 1991.392 161.70863 0
210030000 210193 1463.061 1943.565 134.85544 0
210030000 210193 1636.79 2095.675 166.23845 0
210030000 210193 1435.605 1939.511 133.78056 0
# Lightningfoot Tuka
210030000 210317 1018.149 2260.303 168.25963 0
# Mimiti 
210030000 210319 907.0966 2103.942 150.625 0
# Mountain Abex
210030000 210270 1218.821 2657.974 205.25162 0
210030000 210270 1209.221 2713.019 205.25238 0
# Mud Ribbit
210030000 210273 1555.07 2760.01 232.05 0
210030000 210273 1573.35 2748.68 233.25 0
210030000 210273 1581.79 2762.92 232.66 0
210030000 210273 1603.06 2767.59 234.72 0
210030000 210273 1604.9 2789.34 235.5 0
210030000 210273 1575.59 2808.31 242.01 0
210030000 210273 1581.22 2810.98 242.47 0
210030000 210273 1615.81 2822.79 242.28 0
210030000 210273 1637.43 2831.58 237.02 0
210030000 210273 1647.88 2820.49 236.39 0
210030000 210273 1670.41 2782.95 234.53 0
210030000 210273 1683.48 2778.99 234.68 0
210030000 210273 1703.33 2817.1 246.0 0
210030000 210273 1754.0 2762.0 280.75 0
210030000 210273 1756.92 2757.55 270.05 0
# Mud Potcrab
210030000 210268 1724.397 1685.626 101.373566 0
210030000 210268 1470.021 1376.833 103.69269 0
210030000 210268 1760.342 1622.653 103.0 0
210030000 210268 1810.251 1605.484 100.59275 0
210030000 210268 1730.154 1687.687 101.25 0
210030000 210268 1766.037 1623.086 102.78943 0
210030000 210268 1535.271 1365.782 100.42056 0
210030000 210268 1816.639 1349.694 100.625 0
210030000 210268 1741.621 1384.75 107.859375 0
210030000 210268 1854.115 1559.029 100.189316 0
210030000 210268 1621.807 1387.366 105.95443 0
210030000 210268 1659.103 1652.379 102.58843 0
210030000 210268 1587.81 1644.501 101.125 0
210030000 210268 1603.126 1332.549 101.03431 0
210030000 210268 1680.421 1669.585 101.22369 0
210030000 210268 1455.631 1387.06 106.10487 0
210030000 210268 1865.501 1554.029 100.375 0
210030000 210268 1513.755 1480.453 103.405624 0
210030000 210268 1483.06 1419.821 102.0 0
210030000 210268 1813.73 1352.68 100.8325 0
210030000 210268 1532.722 1301.121 101.84499 0
210030000 210268 1683.946 1300.257 103.78864 0
210030000 210268 1562.558 1428.433 108.50668 0
210030000 210268 1466.79 1369.42 104.67749 0
210030000 210268 1532.862 1297.82 101.618515 0
210030000 210268 1679.95 1303.423 104.68413 0
210030000 210268 1452.699 1375.875 106.772 0
210030000 210268 1504.826 1491.371 103.8192 0
210030000 210268 1546.58 1301.193 101.13919 0
210030000 210268 1745.777 1380.371 106.48168 0
210030000 210268 1794.968 1556.115 104.18451 0
210030000 210268 1794.175 1552.742 105.510376 0
210030000 210268 1827.721 1466.959 103.39244 0
210030000 210268 1529.255 1367.644 100.774315 0
210030000 210268 1821.904 1462.021 103.754684 0
210030000 210268 1584.109 1637.657 100.90325 0
210030000 210268 1480.195 1413.829 101.375 0
# Overser Redtum
210030000 210739 734.43 2462.07 218.45 0
210030000 210739 754.63 2470.23 217.79 0
210030000 210739 760.06 2470.9 216 92 0
210030000 210739 771.47 2473.03 218.13 0
210030000 210739 781.26 2441.02 208.7 0
210030000 210739 760.48 2474.18 217.02 0
210030000 210739 754.89 2477.85 217.38 0
210030000 210739 755.57 2469.35 217.61 0
210030000 210739 760.36 2478.55 217.2 0
# Paksigue 
210030000 213006 1540.603 1442.253 105.36899 0
# Peon
210030000 210698 1175.861 1780.385 102.792114 0
210030000 210698 1165.333 1828.935 101.80844 0
210030000 210698 1183.033 1723.714 103.35443 0
210030000 210698 1146.593 1851.678 105.47987 0
210030000 210698 1166.705 1734.252 102.41906 0
210030000 210698 1160.874 1714.184 101.972755 0
210030000 210698 1201.174 1844.279 112.31523 0
210030000 210698 1177.39 1706.63 104.2975 0
210030000 210698 1192.616 1778.721 103.951996 0
210030000 210698 1186.404 1761.098 104.56863 0
210030000 210698 1208.337 1775.853 104.25 0
210030000 210698 1203.685 1756.612 104.0 0
210030000 210698 1171.973 1848.495 102.15594 0
210030000 210698 1258 1787 113.5 0
210030000 210698 2143.023 2298.379 241.4812 0
210030000 210698 1988.08 2422.73 291.8645 0
210030000 210698 2200.376 2618.025 194.65274 0
210030000 210698 2416.288 2367.262 196.59497 0
210030000 210698 2060.011 2298.453 265.21893 0
210030000 210698 2278.51 2562.535 192.375 0
# Peon
210030000 210077 1245.637 1843.109 120.81931 0
210030000 210077 1289.545 1784.12 115.2425 0
210030000 210077 1246.336 1915.557 125.04869 0
210030000 210077 1294.601 1882.147 121.375 0
210030000 210077 1271.329 1782.642 115.125 0
210030000 210077 1261.417 1922.609 125.123375 0
210030000 210077 1273.652 1871.244 121.57775 0
210030000 210077 1243.526 1897.561 125.0 0
210030000 210077 1277.401 1886.521 121.41244 0
210030000 210077 1289.305 1805.361 116.008675 0
210030000 210077 1323.269 1874.981 119.875 0
210030000 210077 1241.982 1860.856 121.36148 0
210030000 210077 1258.948 1787.795 113.5 0
210030000 210077 1245.62 1781.722 113.375 0
210030000 210077 1289.88 1822.281 115.72494 0
210030000 210077 1235.394 1847.162 120.875 0
210030000 210077 1291.374 1918.983 123.5 0
# Poisonous Bubblegut
210030000 210318 1633.2 2792.18 234.97 0
210030000 210318 1631.2 2766.15 235.89 0
210030000 210318 1661.33 2740.79 233.28 0
210030000 210318 1658.4 2743.79 233.13 0
210030000 210318 1659.62 2744.95 233.12 0
210030000 210318 1659.89 2743.96 233.13 0
210030000 210318 1657.79 2742.36 233.15 0
# Poppy 
210030000 203191 951.3 2480.791 187.75 0
# Porgus
210030000 210337 1255.8 2232.64 144.875 0
210030000 210337 1308.673 2092.341 138.04031 0
210030000 210337 1317.81 2103.72 138.11374 0
210030000 210337 1249.74 2229.68 145.2625 0
210030000 210337 1318.776 2265.358 142.875 0
210030000 210337 1297.04 2086.58 138.58875 0
210030000 210337 393.0493 65.12596 167 0
# Rakeclaw Frillneck 
210030000 210126 1643.032 2114.84 171.15352 0
210030000 210126 1658.686 2003.025 159.81769 0
210030000 210126 1464.157 2152.119 147.00743 0
210030000 210126 1485.985 2068.809 137.2004 0
210030000 210126 1505.404 2089.621 146.43907 0
210030000 210126 1433.094 2162.916 147.48825 0
210030000 210126 1666.819 2172.437 181.60457 0
210030000 210126 1689.655 2192.76 175.19374 0
210030000 210126 1613.92 2078.403 161.71577 0
210030000 210126 1715.888 2157.505 180.67288 0
210030000 210126 1626.407 2021.981 155.62242 0
210030000 210126 1631.54 2141.106 177.02649 0
210030000 210126 1662.582 2069.141 170.7359 0
210030000 210126 1650.295 2037.518 162.8305 0
210030000 210126 1635.104 1974.919 161.0217 0
210030000 210126 1451.762 2118.916 143.04237 0
210030000 210126 1457.971 2081.281 140.0 0
210030000 210126 1689.273 2095.172 173.74109 0
210030000 210126 1421.576 2124.953 141.8956 0
210030000 210126 1508.882 2053.453 139.9006 0
210030000 210126 1659.844 1969.123 167.39493 0
210030000 210126 1634.405 1922.11 164.04376 0
210030000 210126 1479.62 2105.411 143.76306 0
210030000 210126 1480.224 2029.32 132.778 0
210030000 210126 1663.911 2142.765 181.95776 0
210030000 210126 1455.789 2179.252 146.28357 0
# Sand-Potcrab
210030000 210275 2367.8 902.87 100.99 0
210030000 210275 2372.09 883.55 99.45 0
210030000 210275 2332.46 885.15 99.76 0
210030000 210275 2310.72 879.25 100.53 0
210030000 210275 2309.18 869.46 99.89 0
210030000 210275 2303.5 853.95 99.31 0
210030000 210275 2285.19 848.48 101.77 0
210030000 210275 2289.92 837.27 100.88 0
210030000 210275 2299.01 833.8 99.37 0
210030000 210275 2331.7 844.23 98.88 0
210030000 210275 2335.94 849.23 98.8 0
210030000 210275 2297.24 787.28 100.14 0
210030000 210275 2422.78 844.75 100.64 0
210030000 210275 2424.66 832.72 100.46 0
210030000 210275 2438.25 836.14 102.03 0
210030000 210275 2443.41 831.85 99.76 0
210030000 210275 2460.68 861.75 102.03 0 
210030000 210275 2461.63 859.23 101.0 0
210030000 210275 2396.66 797.67 99.85 0
210030000 210275 2400.7 777.87 99.4 0
210030000 210275 2327.84 783.43 98.88 0
210030000 210275 2333.68 767.32 98.88 0
210030000 210275 2341.16 770.19 98 88 0
210030000 210275 2338.48 777.63 98.88 0
210030000 210275 2296.73 774.76 101.07 0
210030000 210275 2302.99 777.06 99.44 0
210030000 210275 2312.72 755.62 99.64 0 
210030000 210275 2309.17 743.49 102.62 0
210030000 210275 2315.0 747.0 100.01483 0
210030000 210275 2318.56 720.44 100.54 0
210030000 210275 2320.35 716.84 100.97 0
210030000 210275 2326.14 722.52 99.22 0
# Sea Starturtle
210030000 210112 2284.651 916.4804 106.81301 0
# Secret Tursin Healer
210030000 210356 2321.06 1311.738 181.48363 0
210030000 210356 2332.895 1132.624 158.875 0
210030000 210356 2207.698 1216.599 163.5 0
210030000 210356 2215.798 1330.069 173.5 0
210030000 210356 2250.489 1205.132 157.92926 0
# Secret Tursin Shaman
210030000 210357 2207.415 1248.399 163.5 0
210030000 210357 2602.181 1139.559 192.9887 0
210030000 210357 2368.826 1081.639 169.75 0
210030000 210357 2289.6 1206.828 167.87326 0
210030000 210357 2285.774 1241.351 158.61087 0
210030000 210357 2370.616 1119.906 165.75 0
210030000 210357 2169.257 1220.421 167.375 0
210030000 210357 2328.826 1242.751 160.84856 0
210030000 210357 2247.05 1315.262 170.23662 0
# Shaman
210030000 210699 1257.108 1902.402 125.46326 0
210030000 210699 1274.657 1793.611 115.125 0
210030000 210699 1255.93 1852.478 120.875 0
210030000 210699 1255.177 1775.59 113.5 0
210030000 210699 1174.7 1704.04 104.291245 0
210030000 210699 1157.613 1855.811 105.34013 0
210030000 210699 1189.054 1758.832 104.5 0
210030000 210699 1201.005 1761.469 104.25 0
210030000 210699 1203.736 1838.715 112.20955 0
210030000 210699 1274 1793 115.125 0
# Shaman Chankaki
210030000 210296 645.19 2653.58 240.88 0
210030000 210296 658.31 2560.33 226.75 0
210030000 210296 726.62 2587.04 222.38 0
210030000 210296 811.92 2653.49 218.88 0
# Shapron Starcrab
210030000 210269 1766.067 1350.805 104.27595 0
210030000 210269 1733.915 1640.74 103.63562 0
210030000 210269 1820.756 1389.96 100.38251 0
210030000 210269 1824.238 1623.266 100.375 0
210030000 210269 1577.6 1314.17 101.52875 0
210030000 210269 1805.144 1534.876 104.39499 0
210030000 210269 1798.969 1528.928 103.93175 0
210030000 210269 1488.959 1383.114 101.819626 0
210030000 210269 1549.854 1585.132 102.17624 0
210030000 210269 1780.26 1333.563 102.673935 0
210030000 210269 1512.915 1531.809 100.38694 0
210030000 210269 1698.376 1349 106.8905 0
210030000 210269 1529.8 1429.86 103.562515 0
210030000 210269 1836.044 1441.74 103.99451 0
210030000 210269 1494.587 1391.359 102.58494 0
210030000 210269 1624.868 1336.348 100.75526 0
210030000 210269 1620.782 1348.096 101.39899 0
210030000 210269 1693.755 1353.313 107.44006 0
210030000 210269 1532.449 1485.813 104.39967 0
210030000 210269 1652.944 1327.835 105.409676 0
210030000 210269 1534.642 1347.77 100.40375 0
210030000 210269 1656.623 1333.535 105.79994 0
210030000 210269 1604.161 1290.523 100.81537 0
210030000 210269 1799.995 1632.281 100.73275 0
210030000 210269 1695.541 1708.868 100.875 0
210030000 210269 1693.496 1707.313 100.98856 0
210030000 210269 1731.869 1639.186 104.00819 0
210030000 210269 1551.894 1586.682 101.62211 0
210030000 210269 1527.724 1433.645 103.15881 0
210030000 210269 1854.506 1446.503 102.03013 0
210030000 210269 1582.913 1288.979 101.31794 0
210030000 210269 1843.774 1452.07 102.59776 0
210030000 210269 1808.16 1516.034 106.58648 0
210030000 210269 1511.831 1535.997 100.375 0
210030000 210269 1840.827 1435.787 103.336624 0
210030000 210269 1738.224 1662.74 102.95375 0
210030000 210269 1773.797 1358.267 104.65837 0
210030000 210269 1824.644 1394.362 100.68788 0
# Shipwrecked Crewmember
210030000 210074 2172.03 684.1404 100.51253 0
210030000 210074 2127.518 688.8533 100.32167 0
210030000 210074 2104.123 691.0961 100.81418 0
210030000 210074 2128.966 691.7699 100.13938 0
210030000 210074 2131.522 650.9232 103.72471 0
210030000 210074 2177.947 675.4594 100.709595 0
210030000 210074 2206.756 664.9294 102.23035 0
210030000 210074 2107.114 704.2034 100.88771 0
210030000 210074 2236.167 661.4402 101.27371 0
210030000 210074 2120.39 699.8021 100.35063 0
210030000 210074 2084.641 703.3496 102.09677 0
210030000 210074 2137.156 660.9226 104.97527 0
210030000 210074 2127.376 638.7631 114.36445 0
210030000 210074 2217.533 651.496 101.312 0
210030000 210074 2146.245 702.0981 101.478546 0
# Shipwrecked Deckhand
210030000 210073 2099.35 634.19 110.890564 0
210030000 210073 2116.18 642.26 114.34592 0
210030000 210073 2116.38 630.41 114.45298 0
210030000 210073 2108.813 626.8591 112.03675 0
210030000 210073 2091.114 610.5412 122.56211 0
210030000 210073 2088.022 603.6578 122.47012 0
210030000 210073 2141.132 656.5496 116.35186 0
210030000 210073 2099.715 613.6485 122.84269 0
210030000 210073 2114.865 628.0806 100.12865 0
210030000 210073 2111.25 632.8578 100.12865 0
210030000 210073 2099.193 615.2538 100.169945 0
# Spiral Lobnite
210030000 210264 1534.813 1508.223 103.5 0
210030000 210264 1518.666 1459.384 103.74988 0
210030000 210264 1548.131 1455.84 107.52456 0
210030000 210264 1832.072 1492.202 103.33174 0
210030000 210264 1615.751 1639.972 102.09562 0
210030000 210264 1568.325 1310.115 101.625 0
210030000 210264 1530.986 1534.56 102.93487 0
210030000 210264 1543.25 1319.622 101.49962 0
210030000 210264 1781.435 1633.93 101.50437 0
210030000 210264 1518.932 1515.758 102.58626 0
210030000 210264 1741.167 1359.272 104.183624 0
210030000 210264 1672.907 1344.618 110.36337 0
210030000 210264 1690.633 1641.413 104.43002 0
210030000 210264 1713.521 1672.035 101.89339 0
210030000 210264 1558.876 1551.29 105.99713 0
210030000 210264 1563.298 1416.478 107.50663 0
210030000 210264 1821.022 1412.105 103.81769 0
210030000 210264 1519.063 1416.894 102.86136 0
210030000 210264 1553.616 1336.845 102.16838 0
210030000 210264 1615.028 1366.999 103.43575 0
210030000 210264 1606.772 1664.927 101.375 0
210030000 210264 1820.75 1436.239 104.078125 0
210030000 210264 1638.62 1662.324 104.41375 0
210030000 210264 1797.751 1365.699 102.265564 0
210030000 210264 1539.541 1557.654 101.242935 0
210030000 210264 1858.272 1503.159 102.40768 0
210030000 210264 1672.083 1620.832 108.52655 0
210030000 210264 1828.911 1599.095 100.48888 0
210030000 210264 1722.633 1359.157 106.81601 0
210030000 210264 1759.037 1658.32 101.44614 0
210030000 210264 1601.929 1318.801 101.25444 0
210030000 210264 1535.454 1387.386 103.104996 0
210030000 210264 1567.09 1529.698 107.625 0
210030000 210264 1842.505 1612.494 101.46844 0
210030000 210264 1600.509 1391.84 105.857254 0
210030000 210264 1850.525 1527.793 100.342186 0
210030000 210264 1847.099 1590.585 102.100815 0
210030000 210264 1781 1633 101.5625 0
# Spy
210030000 210076 1475.93 1531.78 104.125 0
210030000 210076 1499.549 1523.945 100.875 0
210030000 210076 1612.878 1281.966 100.41676 0
210030000 210076 1625.144 1295.728 101.409 0
210030000 210076 1609.836 1301.821 101.27237 0
210030000 210076 1484.447 1509.749 101.56912 0
210030000 210076 1626.714 1298.336 101.419624 0
210030000 210076 1862.904 1405.069 101.375 0
210030000 210076 1626.254 1283.251 101.921814 0
210030000 210076 1857.159 1423.459 99.74405 0
210030000 210076 1879.43 1426.41 100.25692 0
210030000 210076 1844.26 1387.878 101.00101 0
# Starving Worg
210030000 210138 1398.796 1829.714 124.47825 0
210030000 210138 1529.911 1666.94 106.75362 0
210030000 210138 1491.114 1703.844 113.930374 0
210030000 210138 1388.819 1784.823 125.19806 0
210030000 210138 1394.406 1879.426 129.30075 0
210030000 210138 1350.641 1772.12 125.315125 0
210030000 210138 1423.044 1864.522 133.54361 0
210030000 210138 1333.745 1792.998 122.0483 0
210030000 210138 1424.261 1897.526 132.79645 0
210030000 210138 1371.609 1760.691 129.41362 0
210030000 210138 1521.474 1673.949 108.93437 0
210030000 210138 1413.022 1754.974 126.003 0
210030000 210138 1418.182 1685.349 124.16087 0
210030000 210138 1389.795 1912.173 128.2392 0
210030000 210138 1339.462 1833.387 118.356125 0
210030000 210138 1428.835 1795.786 128.33374 0
210030000 210138 1483.713 1888.727 139.8212 0
210030000 210138 1317.215 1837.683 116.325935 0
210030000 210138 1525.907 1887.281 151.75 0
210030000 210138 1374.76 1809.139 121.69631 0
210030000 210138 1448.531 1886.116 135.9855 0
210030000 210138 1444.884 1828.475 133.35013 0
210030000 210138 1461.442 1915.172 134.64539 0
210030000 210138 1491 1703 113.9375 0
# Stumptail Tog
210030000 210747 2075.018 2179.22 207.4025 0
# Suspicious Box
210030000 211823 1738.9 2538 155.97403 0
# Swamp Slink
210030000 210063 1647.334 1601.728 112.325745 0
210030000 210063 1765.971 1554.221 107.340836 0
210030000 210063 1564.607 1494.452 109.651764 0
210030000 210063 1818.68 1679.927 109.9175 0
210030000 210063 1645.458 1621.781 107.65956 0
210030000 210063 1841.375 1369.529 102.1815 0
210030000 210063 1759.486 1398.229 109.50001 0
210030000 210063 1711.839 1625.825 106.77188 0
210030000 210063 1524.381 1584.546 103.19325 0
210030000 210063 1482.407 1458.079 100.90044 0
210030000 210063 1794.319 1488.283 106.769936 0
210030000 210063 1527.92 1598.678 103.67737 0
210030000 210063 1738.427 1308.721 102.321625 0
210030000 210063 1491.926 1468.892 101.301125 0
210030000 210063 1889.518 1491.199 102.25 0
210030000 210063 1572.623 1495.206 111.74182 0
210030000 210063 1518.283 1331.964 101.79437 0
210030000 210063 1675.936 1272.242 104.507996 0
210030000 210063 1709.719 1308.481 101.46994 0
210030000 210063 1791.5 1444.655 110.59375 0
210030000 210063 1658.263 1299.044 103.776886 0
210030000 210063 1468.96 1405.3 102.04875 0
210030000 210063 1788.794 1605.694 102.18901 0
210030000 210063 1699.263 1608.309 109.82282 0
210030000 210063 1853.213 1623.995 104.77631 0
210030000 210063 1885.27 1492.554 102.25 0
210030000 210063 1612.453 1690.918 102.43237 0
210030000 210063 1791.593 1722.727 109.66176 0
210030000 210063 1768.387 1563.632 106.32781 0
210030000 210063 1651.971 1383.826 110.818825 0
210030000 210063 1785.506 1296.998 102.68738 0
210030000 210063 1667.759 1700.669 101.89049 0
210030000 210063 1761.426 1393.948 108.687 0
210030000 210063 1554.083 1480.641 108.29006 0
210030000 210063 1866.365 1346.198 102.72719 0
210030000 210063 1488.37 1490.557 101.514 0
210030000 210063 1634.145 1622.117 106.48714 0
210030000 210063 1502.388 1327.391 100.77425 0
210030000 210063 1490.276 1443.996 101.73325 0
210030000 210063 1764.884 1292.814 102.44913 0
210030000 210063 1842.177 1659.98 103.125 0
210030000 210063 1890.276 1509.856 103.6035 0
210030000 210063 1156.289 1674.265 100.444244 0
210030000 210063 1869.298 1579.996 104.367615 0
210030000 210063 1482.846 1481.996 101.05287 0
210030000 210063 1862.511 1606.161 105.125 0
210030000 210063 1133.843 1696.461 99.87438 0
210030000 210063 1800.121 1706.735 109.1965 0
210030000 210063 1149.862 1681.896 100.59476 0
210030000 210063 1793.412 1417.414 106.17711 0
210030000 210063 1639.334 1700.572 107.154755 0
210030000 210063 1657.315 1686.079 101.508385 0
210030000 210063 1717.105 1607.738 109.11513 0
210030000 210063 1760.66 1685.006 100.5 0
210030000 210063 1763.886 1599.399 105.832245 0
210030000 210063 1169.984 1653.455 101.246 0
210030000 210063 1656.601 1369.37 108.79625 0
210030000 210063 1802.318 1483.979 105.94038 0
210030000 210063 1771.173 1667.767 101.25 0
210030000 210063 1741.063 1333.75 102.67569 0
210030000 210063 1862.833 1570.876 101.87787 0
210030000 210063 1783.79 1664.157 101.50981 0
210030000 210063 1904.551 1523.987 104.411865 0
210030000 210063 1112.554 1835.776 100.416245 0
210030000 210063 1658.079 1273.918 103.51515 0
210030000 210063 1106.039 1844.228 100.51912 0
210030000 210063 1139.591 1715.838 100.58399 0
210030000 210063 1506.23 1349.12 101.25 0
210030000 210063 1835.045 1355.002 101.625 0
210030000 210063 1772.394 1709.129 101.52463 0
210030000 210063 1612 1690 102.375 0
# Swamp Starturtle
210030000 210266 1454.644 1423.66 100.1865 0
210030000 210266 1431.29 1379.39 99.0 0
210030000 210266 1497.694 1311.222 99.21001 0
210030000 210266 1434.615 1417.531 98.875 0
210030000 210266 1523.276 1284.171 99.125 0
210030000 210266 1469.04 1345.18 99.27751 0
210030000 210266 1511.988 1154.593 98.623505 0
210030000 210266 1515.094 1113.196 99.76175 0
210030000 210266 1491.148 1290.12 99.0 0
210030000 210266 1503.472 1208.944 98.967 0
210030000 210266 1481.16 1341.36 99.9075 0
210030000 210266 1442.336 1360.46 98.92475 0
210030000 210266 1574.074 1042.938 99.38112 0
210030000 210266 1585.022 1023.015 99.37775 0
210030000 210266 1502.257 1270.229 99.830315 0
210030000 210266 1542.867 1058.428 99.38443 0
210030000 210266 1435.29 1394.71 99.04437 0
210030000 210266 1460.152 1452.064 99.246 0
210030000 210266 1565.075 1051.863 99.90794 0
210030000 210266 1512.256 1172.023 98.891 0
210030000 210266 1499.864 1228.504 99.537506 0
210030000 210266 1479.781 1242.117 98.854935 0
210030000 210266 1431 1379 99.0 0
# Tempest Spirit
210030000 210086 2411.997 1585.926 128.13962 0
210030000 210086 2566.706 1863.541 131.13239 0
210030000 210086 2479.018 1863.537 118.66544 0
210030000 210086 2241.133 1802.499 115.24156 0
210030000 210086 2213.581 1938.606 128.46213 0
210030000 210086 2397.135 1674.253 116.485245 0
210030000 210086 2190.419 1935.299 128.36592 0
210030000 210086 2496.939 1772.591 118.287 0
210030000 210086 2532.504 1907.397 129.3068 0
210030000 210086 2419.87 1598.984 127.19662 0
210030000 210086 2248.753 1951.632 124.33793 0
210030000 210086 2572.598 1799.095 130.72523 0
210030000 210086 2439.832 1704.555 124.211205 0
210030000 210086 2159.601 1988.596 133.12375 0
210030000 210086 2423.996 1682.147 125.971954 0
210030000 210086 2567.34 1691.391 128.8382 0
210030000 210086 2137.087 1951.655 132.30113 0
210030000 210086 2221.552 1960.585 127.95224 0
210030000 210086 2214.026 1704.684 120.16289 0
210030000 210086 2540.093 1808.318 125.776634 0
210030000 210086 2275.21 1932.863 118.45776 0
210030000 210086 2461.274 1764.785 114.905556 0
210030000 210086 2291.52 2027.41 126.912506 0
210030000 210086 2207.973 1755.983 119.88326 0
210030000 210086 2398.014 1869.068 119.73126 0
210030000 210086 2466.645 1686.61 123.961555 0
210030000 210086 2337.608 1992.22 120.554474 0
210030000 210086 2191.253 1844.606 128.0 0
210030000 210086 2519.823 1824.46 123.557495 0
210030000 210086 2204.947 1748.706 121.212494 0
210030000 210086 2154.548 1908.839 130.1453 0
210030000 210086 2284.224 1909.25 114.72037 0
210030000 210086 2206.692 2003.724 136.405 0
210030000 210086 2476.497 1795.518 118.34508 0
210030000 210086 2335.627 1629.563 120.625 0
210030000 210086 2357.125 1895.871 112.48387 0
210030000 210086 2272.411 1712.266 118.54379 0
210030000 210086 2527.482 1627.902 132.54463 0
210030000 210086 2555.809 1772.941 128.51846 0
210030000 210086 2343.395 1691.123 113.41373 0
210030000 210086 2321.568 1948.495 119.086174 0
210030000 210086 2578.953 1824.549 132.39752 0
210030000 210086 2453.105 1904.4 124.450005 0
210030000 210086 2271.926 2017.193 129.038 0
210030000 210086 2582.466 1647.068 132.21239 0
210030000 210086 2263.436 2010.404 129.27525 0
210030000 210086 2379.932 1669.724 116.82326 0
210030000 210086 2216.717 2053.644 151.93996 0
210030000 210086 2143.369 1962.003 131.25 0
210030000 210086 2393.197 1974.061 126.057816 0
210030000 210086 2453.204 1695.731 125.31714 0
210030000 210086 2238.463 1842.104 116.35535 0
210030000 210086 2508.699 1670.758 125.607864 0
210030000 210086 2186.645 1871.316 128.24838 0
210030000 210086 2535.814 1757.674 122.45637 0
210030000 210086 2267.942 1980.097 123.87863 0
210030000 210086 2231.42 1885.962 121.265274 0
210030000 210086 2456.882 1733.969 123.169266 0
210030000 210086 2451.697 1829.366 112.799255 0
210030000 210086 2548.848 1716.161 127.763855 0
210030000 210086 2292.329 1610.286 124.267876 0
210030000 210086 2437.935 1632.24 125.095 0
210030000 210086 2174.597 1788.287 125.69133 0
210030000 210086 2235.514 1653.789 122.7729 0
210030000 210086 2203.762 1905.619 128.70238 0
210030000 210086 2462.072 1897.912 124.3675 0
210030000 210086 2580.701 1683.771 130.9045 0
# Thief
210030000 210688 1275.211 1917.469 124.95655 0
210030000 210688 1240.699 1819.477 113.678894 0
210030000 210688 1181.252 1815.299 103.23474 0
210030000 210688 1165.621 1866.997 105.47593 0
210030000 210688 1292.891 1794.528 115.27332 0
210030000 210688 1272.629 1798.71 115.039314 0
210030000 210688 1287.418 1899.813 123.17856 0
210030000 210688 1317.372 1903.159 123.44744 0
210030000 210688 1179.799 1783.383 103.26343 0
210030000 210688 1265.479 1826.357 116.14414 0
210030000 210688 1195.883 1800.084 103.86769 0
210030000 210688 1239.558 1876.223 125.527626 0
210030000 210688 1187.032 1835.02 103.33049 0
210030000 210688 1205.392 1814.645 106.260994 0
210030000 210688 1224.732 1838.97 119.07288 0
210030000 210688 1173.292 1766.952 102.8885 0
210030000 210688 1178.507 1751.737 103.531685 0
210030000 210688 1243.985 1938.914 130.51878 0
210030000 210688 1256.309 1868.777 122.65425 0
210030000 210688 1292.104 1864.798 121.67487 0
210030000 210688 1272.08 1851.529 121.1934 0
210030000 210688 1118.681 1823.19 101.10518 0
210030000 210688 1277.976 1937.474 126.11598 0
210030000 210688 1158.672 1871.072 105.567 0
210030000 210688 1170.309 1690.084 103.54387 0
210030000 210688 1144.195 1837.533 103.13806 0
210030000 210688 1226.454 1941.781 134.98413 0
# Tiny Arachna
210030000 210689 1586.58 2455.77 133.64 0
210030000 210689 1587.95 2456.55 133.66 0
210030000 210689 1607.03 2428.05 133.75 0
210030000 210689 1574.14 2394.3 135.63 0
210030000 210689 1590.73 2363.68 134.53 0
210030000 210689 1585.33 2356.1 134.92 0
210030000 210689 1584.72 2360.01 134.88 0
# Tiny Cave Arachna
210030000 210744 1242.63 2629.75 204.3 0
210030000 210744 1238.47 2627.95 204.39 0
210030000 210744 1216.34 2655.0 205.54 0
210030000 210744 1414.85 2656.94 205.29 0
210030000 210744 1206.67 2675.04 202.98 0
210030000 210744 1220.34 2686.57 204.45 0
210030000 210744 1221.58 2696.18 206.06 0
210030000 210744 1209.47 2708.14 204.52 0
210030000 210744 1205.06 2721.87 206.6 0
210030000 210744 1205.08 2731.31 206.77 0
210030000 210744 1210.67 2732.98 206.64 0
210030000 210744 1205.98 2708.23 204.15 0
210030000 210744 1209.0 2728.66 206.29124 0
210030000 210744 1242.63 2629.75 204.3 0
# Tursin Bigmouth
210030000 210174 875.2961 2573.1 195.23103 0
210030000 210174 803.257 2428.965 202.99606 0
210030000 210174 720.461 2592.709 222.375 0
210030000 210174 849.2286 2096.074 159.22144 0
210030000 210174 679.7494 2522.263 222.875 0
210030000 210174 845.07 2167.53 163.72063 0
210030000 210174 864.2358 2012.313 168.4093 0
# Tursin Gateblocker
210030000 210691 881.8981 2586.104 204.02402 0
210030000 210691 919.287 2151.996 157.81439 0
210030000 210691 701.0814 2591.513 231.8392 0
210030000 210691 902.9831 2350.741 197.59163 0
# Tursin Loudmouth
210030000 210712 1662.997 1065.325 117.02131 0
210030000 210712 1657.431 1074.423 116.98074 0
# Tursin Loudmouth Bos
210030000 210158 1640.888 1051.688 118.274994 0
210030000 210158 1640.348 1080.239 116.10326 0
# Tursin Smackstopper
210030000 210352 2608.902 1116.441 196.21014 0
# Tursin Wallarm Shama
210030000 210353 2609.781 1122.795 194.83725 0
# Venomous Arachna
210030000 210130 1657.4 2462.79 134.25 0
210030000 210130 1672.01 2457.16 132.89 0
210030000 210130 1669.07 2455.76 132.97 0
210030000 210130 1596.1152 2451.5845 133.6178 0
210030000 210130 1610.4 2430.99 133.61 0
210030000 210130 1608.83 2428.22 133.74 0
210030000 210130 1573.75 2394.01 135.58 0
210030000 210130 1589.85 2360.9 134.63 0
210030000 210130 1585.96 2362.39 134.88 0
# Blindeye 
210030000 210310 2021.42 1024.337 140.25 0
# Cavil
210030000 210316 1145.774 1861.341 105.54306 0
# Hakka the Bigmouth
210030000 210308 1926.228 1058.852 135.125 0
# Kumbacha the Shaman 
210030000 210312 2071.069 1114.798 129.125 0
# Scout Takata
210030000 210314 2214.842 1301.324 173.5 0
# Scrapper Kuntura 
210030000 210311 2140.564 939.847 139.5 0
# Scrapper Tunkara
210030000 210309 1855.611 757.2479 143.82744 0
# Smackstopper Tambaku 210315 
210030000 210315 2418.79 1176.97 182.28876 0
# Ziloota the Seer 
210030000 210697 2303.396 1187.8 167.875 0
# Trandila
210030000 210202 1696 2336 170 0
210030000 210202 1691.44 2340.46 135.03 0
210030000 210202 1679.07 2412.24 130.6 0
210030000 210202 1685.4 2408 130.84 0
210030000 210202 1621.67 2363.78 130.73 0
210030000 210202 1693.85 2332.39 136.9 0
210030000 210202 1696.12 2336.24 136.21 0
210030000 210202 1623.7 2363.96 130.75 0
210030000 210202 1637.72 2326.5 134.19 0
210030000 210202 1693.98 2338.23 135.7 0
210030000 210202 1622.17 2361.47 130.79 0
210030000 210202 1616.99 2359.79 130.83 0
210030000 210202 1616.62 2366.11 130.5 0
210030000 210202 1680.38 2411.77 130.49 0
210030000 210202 1616.54 2358.31 130.97 0
210030000 210202 1667.74 2413.72 133.28 0
210030000 210202 1679.95 2410.05 130.62 0
210030000 210202 1679.43 2411.01 130.62 0
210030000 210202 1697.71 2342.3 135.8 0
210030000 210202 1622.72 2356.85 131.07 0
210030000 210202 1693.19 2339.45 135.38 0
# Tursin Veteran Commander
210030000 210177 2483.218 1547.309 138.79887 0
210030000 210177 2430.402 1488.266 164.95825 0
210030000 210177 2424.346 1364.02 193.875 0
210030000 210177 2245.119 1041.859 144.8023 0
210030000 210177 2249.794 1019.056 144.36212 0
210030000 210177 2238.12 987.86 144.63876 0
210030000 210177 2216.219 1023.209 145.0637 0
210030000 210177 2194.325 1046.481 145.44487 0
210030000 210177 2174.645 1028.517 147.12482 0
210030000 210177 2136.015 989.1909 140.70036 0
210030000 210177 2123.871 1006.881 142.0 0
210030000 210177 2120.291 960.3633 137.13501 0
210030000 210177 2107.812 937.5297 139.5 0
210030000 210177 2073.676 1116.268 129.125 0
210030000 210177 2057.268 1109.382 129.16364 0
210030000 210177 2051.061 1070.868 126.75 0
210030000 210177 2062.386 978.6359 126.0936 0
210030000 210177 2070.161 937.4565 126.53695 0
210030000 210177 2072.234 877.5087 130.43494 0
210030000 210177 2101.122 856.9562 147.52504 0
210030000 210177 2100.577 822.5435 147.75 0
210030000 210177 2075.106 795.3214 150.5047 0
210030000 210177 2062.996 815.6036 151.57593 0
# Tursin Loudmouth Chief
210030000 210159 2252.615 1316.846 170.14912 0
210030000 210159 2212.29 1218.286 163.5 0
210030000 210159 2189.025 1206.91 167.375 0
210030000 210159 2275.0 1189.0 165.0 0
210030000 210159 2267.879 1250.215 156.67967 0
210030000 210159 2281.738 1247.042 152.25 0
210030000 210159 2333.469 1206.985 166.01001 0
210030000 210159 2306.414 1166.593 166.4715 0
210030000 210159 2351.323 1154.655 158.875 0
210030000 210159 2339.123 1093.141 162.44406 0
210030000 210159 2381.827 1095.391 169.75 0
# Veteran Tursin Wallarm
210030000 210175 1855.619 811.4174 142.8386 0
210030000 210175 1879.927 856.722 145.31587 0
210030000 210175 1822.484 856.4172 126.27301 0
210030000 210175 1842.42 920.3331 126.95919 0
210030000 210175 1738.321 981.2151 130.125 0
210030000 210175 1809.062 988.1716 130.0933 0
210030000 210175 1789.783 1013.571 129.9979 0
210030000 210175 1787.287 1018.286 129.25 0
210030000 210175 1762.5468 1024.9333 129.75168 0
210030000 210175 1792.319 1100.509 124.34162 0
210030000 210175 1816.962 1091.286 125.135 0
210030000 210175 1823.61 1064.642 124.04012 0
210030000 210175 1832.677 1084.837 125.156944 0
210030000 210175 1835.558 1083.244 125.050125 0
210030000 210175 1852.284 1078.631 124.782486 0
210030000 210175 1840.02 1051.83 125.88688 0
210030000 210175 1889.853 1108.678 143.34956 0
210030000 210175 1927.269 1098.551 137.60332 0
210030000 210175 1900.375 1076.748 135.82825 0
210030000 210175 1897.196 1074.063 135.85443 0
210030000 210175 1891.811 1035.813 133.27362 0
# Veteran Tursin Smacktopper
210030000 210178 2186.769 1188.638 168.46013 0
210030000 210178 2342.991 1325.922 184.10818 0
210030000 210178 2340.528 1268.129 177.19026 0
210030000 210178 2360.497 1214.792 169.78786 0
210030000 210178 2471.783 1178.897 186.4866 0
210030000 210178 2468.398 1169.869 187.37564 0
210030000 210178 2484.628 1146.954 184.92151 0
210030000 210178 2513.11 1167.433 184.90402 0
210030000 210178 2532.934 1161.669 191.65814 0
210030000 210178 2383.773 1069.715 169.75 0
210030000 210178 2530.119 1157.746 191.38141 0
210030000 210178 2364.23 1083.354 169.724 0
210030000 210178 2332.103 1090.477 161.7903 0
210030000 210178 2328.501 1137.314 158.635 0
210030000 210178 2312.926 1141.741 161.93288 0
210030000 210178 2288.622 1154.717 160.72273 0
210030000 210178 2269.024 1179.903 164.37192 0
# Veteran Tursin Shaman
210030000 210170 2484.889 1569.121 138.5 0
210030000 210170 2480.628 1540.902 138.58575 0
210030000 210170 2418.56 1479.121 164.92993 0
210030000 210170 2424.117 1368.205 193.875 0
210030000 210170 2055.388 1107.974 129.25 0
210030000 210170 2044.943 1099.6 130.0 0
210030000 210170 1923.909 1069.865 135.125 0
210030000 210170 1909.278 1053.894 133.86838 0
210030000 210170 2028.887 1030.521 140.24126 0
210030000 210170 2015.649 984.475 139.84549 0
210030000 210170 2028.015 960.6102 139.24905 0
210030000 210170 2026.668 944.3907 139.375 0
210030000 210170 2105.373 939.5369 139.40395 0
210030000 210170 2115.318 934.8784 139.48772 0
210030000 210170 2093.57 836.5485 147.875 0
210030000 210170 2090.316 816.4974 147.75 0
210030000 210170 1993.11 864.6983 138.125 0
210030000 210170 1983.831 848.0297 138.00186 0
210030000 210170 1937.372 912.0406 130.83575 0
210030000 210170 1923.471 910.3386 130.75 0
210030000 210170 1894.943 915.8153 131.43665 0
210030000 210170 1877.065 908.4659 119.92056 0
210030000 210170 1826.748 894.8849 126.02381 0
210030000 210170 1785.99 891.2121 125.477264 0
210030000 210170 1766.735 821.8759 126.39827 0
210030000 210170 1833.293 758.173 142.75 0
210030000 210170 1873.053 756.4678 142.635 0
210030000 210170 1877.095 811.8564 142.25 0
210030000 210170 2001.0 742.0 130.2541 0
# Veteran Tursin Scout
210030000 210183 2399.086 1474.311 164.01825 0
210030000 210183 2394.481 1348.327 191.54088 0
210030000 210183 2251.487 1022.686 144.6967 0
210030000 210183 2226.887 944.2994 140.3937 0
210030000 210183 2088.503 1104.114 128.38213 0
210030000 210183 2087.594 1101.224 128.12762 0
210030000 210183 2122.52 1069.802 143.42488 0
210030000 210183 2139.525 1068.021 146.82756 0
210030000 210183 2139.174 986.9521 140.62689 0
210030000 210183 2118.225 982.168 136.146 0
210030000 210183 2110.981 984.8536 137.31845 0
210030000 210183 2082.457 1049.3 127.719635 0
210030000 210183 2065.924 1057.186 126.07887 0
210030000 210183 2053.319 1049.075 126.700745 0
210030000 210183 2072.744 1030.613 126.0 0
210030000 210183 2055.807 1017.987 139.62419 0
210030000 210183 2027.632 1019.643 139.20607 0
210030000 210183 2049.188 988.1847 138.69322 0
210030000 210183 2059.416 985.8069 126.52443 0
210030000 210183 2079.214 961.4604 125.48518 0
210030000 210183 2066.885 934.5614 127.09892 0
210030000 210183 2040.858 956.9271 137.85725 0
210030000 210183 2026.816 941.4866 139.375 0
210030000 210183 2031.197 930.203 140.74925 0
210030000 210183 2071.576 874.49 130.78313 0
210030000 210183 2089.19 853.7302 147.25 0
210030000 210183 2120.304 851.6055 149.11934 0
210030000 210183 2074.862 840.9044 146.67358 0
210030000 210183 2039.9 843.6611 131.90666 0
210030000 210183 2033.578 820.8416 133.03915 0
210030000 210183 1995.917 835.4145 137.017163 0
210030000 210183 1972.048 831.4368 140.488 0
# Veteran Tursin Loudmouth Boss
210030000 210167 2469.656 1615.413 136.55173 0
210030000 210167 2484.526 1573.267 138.7042 0
210030000 210167 2400.705 1496.249 161.2998 0
210030000 210167 2336.866 1460.315 177.39468 0
210030000 210167 2411.208 1385.437 193.5 0
210030000 210167 2283.414 1033.187 151.53851 0
210030000 210167 2207.269 1042.76 145.04932 0
210030000 210167 2212.406 963.7295 141.50659 0
210030000 210167 2042.692 1097.575 129.15157 0
210030000 210167 2057.42 1085.784 126.67052 0
210030000 210167 2087.473 1073.475 128.31537 0
210030000 210167 2089.323 1058.241 129.43044 0
210030000 210167 2085.804 986.9302 141.68314 0
210030000 210167 2044.1 985.4641 142.0 0
210030000 210167 2049.786 914.1115 127.01338 0
210030000 210167 2048.098 848.4426 132.02448 0
210030000 210167 2073.871 846.6366 146.10083 0
210030000 210167 2072.864 795.6911 150.89984 0
# veteran Tursin Loudmounth
210030000 210165 2030.312 1065.075 127.25937 0
210030000 210165 2053.575 958.955 139.16467 0
210030000 210165 2031.323 906.0201 141.83075 0
210030000 210165 1998.128 824.3168 136.13095 0
210030000 210165 2002.825 730.8271 130.8233 0
210030000 210165 2019.574 718.7646 131.53966 0
210030000 210165 1930.1 865.3156 127.860146 0
210030000 210165 1905.017 878.9476 120.63974 0
210030000 210165 1882.073 855.3378 144.43748 0
210030000 210165 1902.55 899.8554 130.42569 0
210030000 210165 1923.512 1019.942 131.75468 0
210030000 210165 1888.326 1003.006 116.00075 0
210030000 210165 1893.612 968.4094 116.65033 0
210030000 210165 1850.176 945.2592 125.796295 0
210030000 210165 1801.05 878.4182 124.43437 0
210030000 210165 1771.781 860.6608 124.57001 0
210030000 210165 1783.638 837.1271 125.33649 0
210030000 210165 1791.89 788.4428 138.6601 0
210030000 210165 1873.683 1042 136.03963 0
210030000 210165 1843.937 1016.344 117.328064 0
210030000 210165 1823.805 995.4641 130.40865 0
210030000 210165 1823.834 989.2398 130.09503 0
210030000 210165 1780.732 973.3364 130.07925 0
210030000 210165 1758.159 999.4427 128.0 0
210030000 210165 1725.41 1021.82 127.03375 0
210030000 210165 1785.213 1089.931 123.5715 0
210030000 210165 1851.093 1081.202 124.836754 0
210030000 210165 1863.141 1111.008 125.938 0
210030000 210165 1887.255 1108.666 142.9485 0
# Veteran Tursin Healer
210030000 210354 2089.549 1113.2 128.7 0
210030000 210354 2065.196 1060.425 126.17236 0
210030000 210354 2015.891 1015.076 138.875 0
210030000 210354 2117.324 986.3048 136.51904 0
210030000 210354 2128.238 935.278 139.51537 0
210030000 210354 2103.843 854.8962 147.78639 0
210030000 210354 2107.901 831.553 147.75 0
210030000 210354 1900.417 782.2752 142.875 0
210030000 210354 1883.496 759.7917 142.875 0
210030000 210354 1861.399 782.3846 141.39903 0
210030000 210354 1819.0 854.0 127.125 0
210030000 210354 1858.58 811.2177 142.51605 0
# Veteran Tursin Gateblocker
210030000 210692 2126.947 1074.268 151.6158 0
210030000 210692 2106.277 1014.363 147.58923 0
210030000 210692 2051.587 1020.665 146.5124 0
210030000 210692 2084.977 852.1902 154.40424 0
210030000 210692 2005.426 842.6143 145.16759 0
210030000 210692 1926.459 888.4022 137.70358 0
210030000 210692 1852.797 872.5253 158.07545 0
210030000 210692 1815.755 796.8532 146.99251 0
210030000 210692 1799.963 1076.274 132.3344 0
210030000 210692 1741.944 1024.71 134.24174 0
# Veteran Tursin Cracker
210030000 210176 1920.934 1073.286 135.125 0
210030000 210176 1927.697 1054.53 134.88501 0
210030000 210176 1849.491 1015.76 117.36916 0
210030000 210176 2019.808 980.7227 139.46683 0
210030000 210176 2025.654 957.3494 139.25 0
210030000 210176 2053.727 954.8767 139.16273 0
210030000 210176 2107.968 834.6755 147.75 0
210030000 210176 2039.587 879.3737 145.6859 0
210030000 210176 2007.51 875.8179 138.36714 0
210030000 210176 1989.403 861.9634 138.125 0
210030000 210176 1983.406 843.8419 137.78738 0
210030000 210176 1994.684 784.696 131.38148 0
210030000 210176 1947.515 808.238 125.574936 0
210030000 210176 1897.203 784.2429 142.40038 0
210030000 210176 1886.274 759.9397 142.86163 0
210030000 210176 1862.434 785.7853 141.375 0
210030000 210176 1837.637 759.9233 142.75 0
210030000 210176 1825.715 769.7737 142.75 0
210030000 210176 1769.24 822.2907 126.41616 0
210030000 210176 1776.617 878.1711 125.021385 0
210030000 210176 1796.542 873.9586 124.75 0
210030000 210176 1787.616 893.1809 125.79523 0
210030000 210176 1824.467 895.744 125.79238 0
210030000 210176 1867.317 923.6274 119.46037 0
210030000 210176 1896.522 919.3334 131.47643 0
210030000 210176 1905.045 897.4805 130.47316 0
210030000 210176 1932.347 907.2643 130.75 0
# Violent Wriggot
210030000 210274 2219.636 1980.288 134.0095 0
210030000 210274 2262.719 1967.686 125.50157 0
210030000 210274 2272.153 1958.986 123.93662 0
210030000 210274 2364.092 1998.699 123.53161 0
210030000 210274 2424.834 1902.87 130.0 0
210030000 210274 2384.865 1939.002 123.258316 0
210030000 210274 2353.986 1935.719 116.52117 0
210030000 210274 2451.01 1874.121 116.65524 0
210030000 210274 2470.225 1841.927 117.53764 0
210030000 210274 2498.621 1888.716 124.08949 0
210030000 210274 2502.916 1874.104 122.829254 0
210030000 210274 2528.736 1860.948 126.366234 0
210030000 210274 2563.07 1821.55 131.34688 0
210030000 210274 2529.098 1786.906 121.70411 0
210030000 210274 2487.962 1718.432 122.87024 0
210030000 210274 2550.641 1674.235 129.90039 0
210030000 210274 2444.003 1691.369 123.6756 0
210030000 210274 2399.993 1682.678 115.707184 0
210030000 210274 2386.081 1623.393 123.244934 0
210030000 210274 2274.812 1676.146 122.931 0
210030000 210274 2260.347 1672.414 124.30576 0
210030000 210274 2236.739 1721.772 116.000786 0
210030000 210274 2240.977 1811.454 114.858116 0
210030000 210274 2207.091 1802.397 119.161194 0
210030000 210274 2206.858 1887.395 125.20795 0
210030000 210274 2219.164 1888.122 124.43825 0
# Violent Worg
210030000 210140 1110.849 2343.006 164.39693 0
210030000 210140 1138.768 2329.869 168.0 0
210030000 210140 1155.952 2356.056 174.26648 0
210030000 210140 1179.955 2315.714 156.6964 0
210030000 210140 1220.914 2328.261 148.64621 0
210030000 210140 1175.413 2282.907 154.51013 0
210030000 210140 1141.432 2277.141 165.03432 0
210030000 210140 1173.692 2249.25 153.84375 0
210030000 210140 1128.99 2203.177 164.35162 0
210030000 210140 1095.363 2214.945 15.89426 0
210030000 210140 1313.762 1811.43 117.24099 0
210030000 210140 1351.573 1815.36 118.843315 0
210030000 210140 1400.653 1852.429 126.649124 0
210030000 210140 1299.24 1969.254 137.20425 0
210030000 210140 1319.5135 1945.4005 131.07849 0
210030000 210140 1346.432 1924.941 136.66907 0
210030000 210140 1313.773 1995.483 142.50995 0
210030000 210140 1335.011 1977.362 138.3365 0
210030000 210140 1363.118 1958.058 143.75725 0
210030000 210140 1322.895 2020.224 143.95718 0
210030000 210140 1339.971 2016.577 14.44168 0
210030000 210140 1357.154 1991.052 142.11224 0
210030000 210140 1376.35 2003.595 142.90906 0
210030000 210140 1393.289 1984.894 139.3454 0
210030000 210140 1398.955 2022.704 143.419 0
210030000 210140 1420.372 2022.206 139.91989 0
210030000 210140 1415.835 1942.919 133.03662 0
210030000 210140 1427.857 1967.2 132.03394 0
210030000 210140 1454.104 1964.218 132.74287 0
210030000 210140 1486.64 1940.965 139.955 0
210030000 210140 1505.1687 1922.8867 144.647 0
210030000 210140 1524.582 1943.434 145.51851 0
210030000 210140 1546.283 1951.961 148.31279 0 
210030000 210140 1546.8539 1920.6396 151.6272 0
# Whirlpool Spirit
210030000 210713 2279.483 1824.478 109.375 0
210030000 210713 2299.85 1843.03 109.135 0
210030000 210713 2358.75 1842.1 109.135 0
210030000 210713 2413.997 1826.448 111.0 0
210030000 210713 2347.766 1760.668 109.375 0
210030000 210713 2293.941 1784.41 109.375 0
# Wind Spirit Shalph
210030000 210298 2296.15 1924.02 116.13 0
210030000 210298 2281.29 1921.36 116.63 0
210030000 210298 2284.7 1916.46 115.97 0
210030000 210298 2295.9 1916.49 114.76 0
210030000 210298 2293.1 1916 114.931244 0
210030000 210298 2179.46 1744.2 123.71 0
210030000 210298 2182.2 1730.46 124.9 0
210030000 210298 2188.43 1737.11 122.93 0 
210030000 210298 2181.87 1744.11 123.27 0
210030000 210298 2365.24 1677.64 116.1 0
210030000 210298 2370.0 1679.23 114.79 0
210030000 210298 2379.89 1680.55 114.14 0
210030000 210298 2377.66 1682.06 113.72 0
210030000 210298 2440.68 1844.59 112.6 0
210030000 210298 2450.44 1843.96 112.9 0
210030000 210298 2438.19 1845.24 113.0 0
210030000 210298 2437.32 1839.88 112.16 0
# Wild Striped Tog
210030000 210188 1250.963 2063.801 144.71469 0
210030000 210188 1271.682 2086.452 142.0 0
210030000 210188 1279.002 2053.287 145.94604 0
210030000 210188 1308.6282 2050.328 141.9218 0
210030000 210188 1429.807 2065.94 135.177 0
210030000 210188 1396.158 2127.08 144.32751 0
210030000 210188 1372.986 2160.753 148.10532 0
210030000 210188 1403.713 2179.837 150.439 0
210030000 210188 1432.484 2207.1377 148.9461 0
210030000 210188 1397.686 2229.88 156.46997 0
210030000 210188 1415.0 2258.0 162.9375 0
210030000 210188 1415.848 2258.308 162.93277 0
210030000 210188 1432.329 2207.169 148.70854 0
210030000 210188 1452.205 2232.668 148.43288 0
210030000 210188 1472.597 2268.765 151.2978 0
210030000 210188 1493.301 2245.521 153.04613 0
210030000 210188 1512.336 2283.031 153.729 0
210030000 210188 1547.859 2294.848 149.75 0
210030000 210188 1504.481 2334.146 158.86319 0
210030000 210188 1561.823 2262.283 153.57195 0
210030000 210188 1542.974 2225.819 155.95523 0
210030000 210188 1521.793 2200.37 151.26678 0
210030000 210188 1602.831 2243.545 155.34265 0
210030000 210188 1605.008 2201.252 160.01826 0
210030000 210188 1571.404 2214.767 159.58775 0
210030000 210188 1549.499 2197.045 153.30676 0
210030000 210188 1521.793 2200.37 151.26678 0
210030000 210188 1577.014 2186.115 156.01613 0
210030000 210188 1578.643 2152.55 159.92679 0
210030000 210188 1548.028 2166.264 158.0 0
210030000 210188 1516.803 2164.896 161.85526 0
210030000 210188 1556.3 2140.249 157.6625 0
210030000 210188 1580.918 2114.001 158.67212 0
210030000 210188 1542.506 2098.192 152.23187 0
210030000 210188 1576.226 2082.785 156.0773 0
210030000 210188 1553.014 2061.476 154.68839 0
210030000 210188 1581.87 2035.681 153.25 0
210030000 210188 1533.103 2019.356 149.8002 0
210030000 210188 1580.197 1966.223 151.56157 0
210030000 210188 1586.723 1922.659 156.9242 0
# Wild Spotted tog
210030000 210325 1320.446 2026.399 144.94131 0
210030000 210325 1339.185 2023.887 145.04387 0
210030000 210325 1398.359 2033.445 144.11275 0
210030000 210325 1557.705 1943.647 151.59148 0
210030000 210325 1557.812 1927.352 153.017 0