# mapid npcid x z y heading
# Npc spawns by KID
# Fix by Lamo2k123

# Lufe
110010000 203842 1968.491 1772.8949 578.66815 60
# Ulbert
110010000 203723 1398.7743 1512.1484 572.99426 0
# Agamemnon
110010000 203769 1649.4117 1507.38 548.87000 90
# Kareinus
110010000 203827 1836.46 1623.61 586.0 0
# Hygea
110010000 203761 1463.75 1666.23 573.70636 60
# Beomas
110010000 203821 1918.728 1617.3268 590.35876 60
# Ayurinrinerk
110010000 798152 1846.6958 1519.2095 590.00854 5
# Polyidus
110010000 203726 1332.6 1512.0 569.94135 0
# Fasimedes
110010000 203700 1876.2905 1511.203 812.6755 60
# Himeira
110010000 203796 1860.2694 1500.18 590.00854 18
# Anteros
110010000 203788 1850.0 1568.5791 590.12213 66
# Miraju's Holy Templar
110010000 203717 1862.7338 1528.74 805.5178 90
# Iana
110010000 203862 1811.1064 2076.6934 528.9985 30
# Utsida
110010000 203792 1887.0 1453.0 590.0892 37
# Diana
110010000 203786 1846.1897 1452.7306 590.135 32
# Menon
110010000 203848 1877.3365 2198.4954 528.6858 34
# Momus
110010000 203897 1879.961 1522.8083 805.5178 60
# Aktus
110010000 203819 1914.0 1629.0 590.3593 75
# Mustapino
110010000 203859 1811.0684 2136.048 529.0 100
# Karon
110010000 203891 1879.0582 1497.2329 805.5178 60
# Miraju's Holy Templar
110010000 203713 1856.1217 1514.8575 805.5178 0
# Myrtil
110010000 203849 1802.0353 1437.5708 580.0 56
# Pusfene
110010000 203742 1577.0564 1377.9741 566.0 30
# Deke
110010000 203847 1869.9031 2207.6091 528.6858 87
# Tunotos
110010000 203727 1613.1711 1462.9612 573.46216 60
# Layla
110010000 203820 1901.7908 1626.2396 590.3587 0
# Morgana
110010000 203865 1787.386 2079.7944 529.0 31
# Miraju's Holy Templar
110010000 203715 1862.3763 1493.6365 805.5178 30
# Marmeia
110010000 203864 1975.1932 1757.2234 576.7586 57
# Esca
110010000 203813 1954.5599 1482.5236 590.36475 60
# Thrasymedes
110010000 203707 1879.9901 1515.243 805.5178 60
# Eris
110010000 203869 1918.9177 1511.5715 590.0109 60
# Melicertes
110010000 203896 1879.8701 1526.6633 805.5178 60
# Jinus
110010000 203755 1490.21 1664.09 573.76746 62
# Miraju's Holy Templar
110010000 203714 1858.5192 1493.5732 805.5178 30
# Soana
110010000 203815 1953.9034 1539.1091 590.3647 60
# Losadis
110010000 203806 1917.4636 1388.2974 590.3645 40
# Tercus
110010000 203762 1471.866 1363.221 566.0 110
# Maire
110010000 203783 1889.7644 1483.2506 590.15826 60
# Servillia
110010000 203736 1554.8538 1598.6143 573.06354 87
# Pilianae
110010000 203720 1329.0399 1506.5 569.05646 30
# Angparinerk
110010000 798010 1426.1133 1401.5188 573.52155 60
# Jumentis
110010000 203705 1856.8835 1519.2872 805.5178 0
# Rinos
110010000 203876 1426.2952 1248.4928 570.0 28
# Genon
110010000 203853 1837.4625 2199.3545 528.76605 27
# Etere
110010000 203873 1529.6528 1559.7618 573.0 38
# Yaorunerk
110010000 798016 1890.9169 1755.3687 577.54816 90
# Latri
110010000 203894 2008.2222 1478.0706 592.2286 60
# Gaoshunerk
110010000 798017 1911.9575 1776.4126 576.8035 92
# Nakia
110010000 203789 1840.2496 1568.6821 590.12213 0
# Himusus
110010000 203735 1551.3582 1423.3936 573.02484 30
# Basmos
110010000 203840 1936.5316 1768.763 576.7586 98
# Benorun
110010000 203846 1877.4926 2199.759 528.6858 95
# Phoebe
110010000 203316 1876.8035 1493.8827 811.08057 60
# Ipikio
110010000 203882 2058.1843 1492.8862 592.22534 60
# Noris
110010000 203776 1859.5674 1428.5929 590.06683 92
# Leinon
110010000 203744 1580.7566 1372.289 564.57715 30
# Libitina
110010000 203870 1496.3187 1446.3268 574.0 0
# Ulaguru
110010000 203890 1980.0387 1757.1697 577.5407 60
# Vatonia
110010000 203830 2006.902 1511.1031 581.8592 118
# Kadmos
110010000 203866 1800.2521 2117.419 528.1386 0
# Miraju's Holy Templar
110010000 203712 1856.1045 1507.3451 805.5178 0
# Seirenia
110010000 203835 2044.6942 1527.4055 581.1387 70
# Arcinia
110010000 203811 1954.8713 1569.41 590.3647 60
# Codinaus
110010000 203863 1869.0247 2065.3872 519.1531 57
# Unirus
110010000 203721 1328.7847 1518.5509 569.07544 90
# Bacchus
110010000 203782 1882.8845 1475.7183 590.15826 50
# Berus
110010000 203730 1623.647 1513.0002 573.63416 60
# Bellasia
110010000 203766 1669.7834 1392.9164 554.0 27
# Tikeron
110010000 203843 1953.79 1786.0 577.55 90
# Laitos
110010000 203867 1791.0474 2174.7756 528.99866 0
# Eggplant
110010000 203895 2030.9912 1474.1586 592.22534 0
# Lemias
110010000 203844 1859.8785 1699.9381 576.75903 50
# Menomes
110010000 203791 1892.2723 1568.5167 590.12213 60
# Aegist
110010000 203817 1944.4039 1529.3086 590.3634 30
# Ophenes
110010000 203808 1955.4857 1448.9866 590.3645 60
# Telemos
110010000 203756 1472.0061 1596.2162 572.872 10
# Lavirintos
110010000 203701 1878.2682 1513.7427 812.6755 60
# Kazmonerk
110010000 798023 1734.1437 2115.5166 518.99976 0
# Compai
110010000 203737 1527.6144 1513.8661 567.0 0
# Maorinerk
110010000 798022 1839.942 2030.8812 519.0 45
# Himeros
110010000 203772 1732.1509 1501.703 587.05743 110
# Lustiena
110010000 203868 1655.8273 1649.7913 549.4055 100
# Alkestis
110010000 203823 1929.5159 1428.415 592.0126 0
# Yiehmonerk
110010000 798012 1403.5366 1437.8331 573.3894 75
# Idomeneus
110010000 203879 1738.0142 1513.4812 587.0399 0
# Ruoshinerk
110010000 798021 1793.1586 2093.1562 527.92944 65
# Likasas
110010000 203703 1869.499 1523.817 811.08057 60
# Iocaste
110010000 203708 1869.6053 1536.4144 805.5178 0
# Macus
110010000 203758 1427.37 1613.81 573.70636 30
# Thersites
110010000 203893 1755.2654 1401.5167 575.83844 0
# Amporonerk
110010000 798027 1653.2223 1507.7582 544.029 115
# Torirunerk
110010000 798015 1886.1547 1752.2423 577.5432 105
# Eumelos
110010000 203759 1438.92 1684.05 573.70636 90
# Luelas
110010000 203785 1843.5006 1537.8212 590.15826 0
# Perena
110010000 203809 1955.4681 1451.0127 590.3646 60
# Bustant
110010000 203749 1349.7074 1409.7157 573.38635 10
# Nitato
110010000 203774 1859.71 1592.2822 590.06683 30
# Haimon
110010000 203838 1964.0 1786.0 577.0 90
# Nephalion
110010000 203824 1887.8691 1412.6104 590.0084 0
# Sibylla
110010000 203753 1392.1 1696.86 573.28613 88
# Gerania
110010000 203837 2033.561 1582.0455 592.22534 90
# Tures
110010000 203885 1829.7556 2189.6667 528.76605 96
# Feyshunerk
110010000 798019 1740.6593 2072.6577 517.9072 36
# Elephenor
110010000 203892 1473.9847 1652.4587 573.19824 60
# Nidia
110010000 203872 1988.1733 1726.255 577.85034 60
# Mino
110010000 203856 1806.079 2119.592 530.0 70
# Aithra
110010000 203754 1386.67 1691.48 573.28613 10
# Dimos
110010000 203832 2021.159 1486.9453 581.2221 30
# Ericina
110010000 203741 1571.733 1511.4912 572.50555 0
# Phogus
110010000 203851 1659.9203 1502.6073 544.0 0
# Minyae
110010000 203829 1833.1204 1408.9822 586.04486 90
# Nestor
110010000 203834 2004.9135 1488.1294 581.6213 115
# Quintus
110010000 203822 1869.1979 1624.2938 591.06683 0
# Heerunerk
110010000 798011 1407.789 1434.3015 573.4828 86
# Lapis
110010000 203858 1806.1022 2134.8406 527.9299 110
# Gromoros
110010000 203836 2049.338 1511.0 581.3614 60
# Fermina
110010000 203771 1662.8787 1576.9261 549.0 60
# Menoa
110010000 203857 1821.611 2195.3433 528.76605 0
# Layrunerk
110010000 798020 1844.2876 2043.1833 517.9073 22
# Hecate
110010000 203706 1880.0645 1506.8754 805.5178 60
# Proserpina
110010000 203794 1889.5087 1537.9353 590.1345 60
# Heve
110010000 203818 1905.0 1630.0 590.35895 0
# Dione
110010000 203828 1833.0172 1396.957 585.93695 30
# Numakas
110010000 203777 1872.7954 1428.6989 590.0084 90
# Demodocos
110010000 203795 1846.635 1511.1196 590.68365 0
# Kunberunerk
110010000 798026 1818.542 2192.0918 528.5118 10
# Taraerinerk
110010000 798009 1423.6344 1394.883 573.4975 45
# Demeter
110010000 203780 1851.3832 1476.1566 590.1246 30
# Zakeron
110010000 203778 1909.0386 1507.3746 590.0132 0
# Xenophon
110010000 203833 2047.2762 1484.3107 581.1387 30
# Leah
110010000 203725 1369.4724 1512.0193 569.06744 60
# Jupion
110010000 203702 1869.7338 1498.8749 811.08057 65
# Judisina
110010000 203732 1620.3048 1501.4773 573.62933 60
# Inofe
110010000 203807 1921.4773 1396.9362 590.4022 59
# Gwenspena
110010000 203724 1901.3922 1399.4341 590.4014 96
# Jucleas
110010000 203752 1390.89 1692.88 573.28613 100
# Epeios
110010000 203764 1466.1504 1334.0396 567.0 30
# Faye
110010000 203850 1802.7883 1435.8824 580.0 38
# Benes
110010000 203810 1946.969 1568.9412 590.4621 60
# Leno
110010000 203883 2052.3242 1542.9073 592.22534 80
# Erdos
110010000 203740 1576.1841 1546.9652 572.87146 0
# Brantes
110010000 203734 1526.3352 1599.6332 574.0 90
# Della
110010000 203854 1848.9879 2190.284 528.5118 60
# Biesa
110010000 203831 2018.4529 1534.3618 581.2516 90
# Miraju's Holy Templar
110010000 203719 1879.9138 1517.9054 812.6755 60
# Boreas
110010000 203704 1856.3387 1502.9491 805.5178 0
# Lukian
110010000 203839 1977.1394 1788.8673 576.7586 72
# Leonidas
110010000 203763 1483.5638 1357.0052 565.87 60
# Lityerses
110010000 203845 1875.0593 2207.316 529.0 75
# Payurkus
110010000 203738 1486.4374 1605.7521 574.0 0
# Arion
110010000 203871 1666.0978 1357.507 559.0 51
# Daphnis
110010000 203793 1882.0 1543.0 591.0 24
# Nepis
110010000 203875 1456.6708 1330.3732 565.0 90
# Euchenor
110010000 203814 1954.5615 1484.5934 590.40424 60
# Ludina
110010000 203852 1827.2769 2182.717 528.51184 94
# Py
110010000 203855 1821.9104 2193.6265 528.76605 0
# Lumias
110010000 203773 1800.386 1495.8795 579.06006 0
# Zumia
110010000 203775 1873.8088 1592.371 590.06683 31
# Coeus
110010000 203898 2041.0 1496.0 581.1387 68
# Hesione
110010000 203816 1953.8938 1541.06 590.36475 60
# Evestina
110010000 203728 1613.3025 1560.2173 573.4514 71
# Sabotes
110010000 203781 1842.8798 1483.5609 592.10474 0
# Kunberunerk
110010000 798026 1968.0 1768.0 576.5186 60
# Avrus
110010000 203770 1811.6608 1550.0948 579.05927 0
# Ladisil
110010000 203329 1877.7267 1494.9064 811.08057 50
# Orphe
110010000 203711 1877.2683 1485.7565 805.5178 60
# Daarunerk
110010000 798116 2057.2314 1528.8682 592.22534 66
# Mapirerk
110010000 798025 1896.9469 1752.3887 578.0 90
# Pauton
110010000 203751 1319.1888 1405.3586 575.3346 99
# Kumnen
110010000 203743 1573.1774 1372.2108 564.57715 37
# Kreon
110010000 203765 1662.5817 1367.3726 558.5 60
# Vulcanus
110010000 203790 1883.0399 1568.3279 590.12213 30
# Perikles
110010000 203757 1436.6855 1644.8295 573.19714 100
# Karax
110010000 203729 1620.2028 1521.5469 573.6294 60
# Darius
110010000 203787 1840.2089 1452.8092 590.12213 0
# Fuirinerk
110010000 798014 1883.4297 1454.4474 590.0892 0
# Emir
110010000 203841 1938.7776 1724.1265 576.5186 0
# Mikero
110010000 203739 1459.4623 1511.6744 573.0719 0
# Miraju's Holy Templar
110010000 203716 1858.7042 1528.6671 805.5178 90
# Lukania
110010000 203750 1367.1016 1371.8474 573.38635 4
# Kierunerk
110010000 798024 1803.7704 2114.4575 528.99866 24
# Manuka
110010000 203779 1908.9269 1515.398 590.012 0
# Mara
110010000 203861 1808.4578 2135.8699 529.0 96
# Atia
110010000 203825 1893.0188 1602.7795 590.01184 0
# Atifure
110010000 203884 1827.5339 2190.606 528.76605 84
# Akeri
110010000 203768 1663.3925 1449.9773 549.3971 0
# Laokones
110010000 203731 1623.6987 1510.3992 573.6294 60
# Clymene
110010000 203709 1871.0282 1481.6074 805.5178 8
# Bellia
110010000 203760 1396.98 1643.54 573.97705 0
# Akeas
110010000 203722 1358.2793 1511.9636 568.84015 60
# Regmos
110010000 203767 1644.2905 1391.5913 554.0 36
# Miraju's Holy Templar
110010000 203718 1880.099 1505.1349 812.6755 60
# Junes
110010000 203812 1945.1792 1577.9275 590.36365 96
# Hestia
110010000 203784 1848.0 1544.0 591.0 36
# Paorunerk
110010000 798018 1848.0 2189.0 528.5118 60
# Dairos
110010000 203710 1877.7434 1536.2146 805.5178 60
# Alcmene
110010000 203797 1886.7043 1518.83 590.00854 60
# Ballos
110010000 203826 1836.18 1605.56 586.0 0
# Chiwurinerk
110010000 798013 1892.0869 1452.7896 590.0892 60
# Pulo
110010000 203733 1518.1946 1425.7797 573.063 28
# Ebona
110010000 203748 1393.1185 1407.514 573.30664 3
# Bella
110010000 203860 1810.1893 2131.4094 530.0 33