# mapid npcid x y z heading
# Npc spawns by KID
# Fix by Lamo2k123
 
# Guruminerk
210060000 798133 1420.032 1509.4457 33.0 0
# Ankises
210060000 798143 1449.7722 1506.3384 32.375 0
# Lianminerk
210060000 798136 1339.3445 1539.528 32.25 0
# Tiesansanerk
210060000 798139 1436.716 1508.4375 33.0 0
# Pollux
210060000 798142 1446.6714 1557.422 30.882523 0
# Talos
210060000 798144 1441.1335 1571.7064 30.567345 0
# Gogirunerk
210060000 798138 1413.6327 1558.3582 30.875 0
# Hecuba
210060000 798146 1360.4 1480.0 33.0 0
# Paominerk
210060000 798134 1366.0262 1576.6235 35.37713 0
# Thesaly
210060000 798141 1394.5787 1561.5118 32.0 0
# Yadamonerk
210060000 798132 1412.7289 1513.9718 33.0 0
# Kuomonerk
210060000 798137 1434.1512 1557.0479 30.75 0
# Phaon
210060000 798140 1428.0023 1568.7837 30.924416 0
# Tartagan
210060000 798149 1921.2753 1468.8693 19.76992 0
# Chaurinrinerk
210060000 798135 1381.7637 1501.1143 33.611206 0
# Polydorus
210060000 798145 1395.9244 1600.3364 36.0 0
# Obelisk (Theobomos)
210060000 250092 1426.2372 1570.778 31.563498 75
# Obelisk (observatoryVillage)
210060000 700255 2277.921 2253.4116 62.58725 75
# Obelisk (jamanokInn)
210060000 700256 546.8111 1245.2952 90.21943 85

# NPCs/Objects spawns by Atomix from http://aion.atomixro.com
# Thanks to TheOne & Matej for helping me.
# mapid npcid x y z heading

210060000 798178 404.1802 1216.836 134.9337 0
210060000 798209 480.6241 2105.865 56.41846 0
210060000 798155 2295.638 2234.845 63 0

210060000 798364 2651 1723 94.53997 0
210060000 798217 539.436 2162.256 57 0
210060000 798217 2684 1067.773 97 0
210060000 798185 424.4605 1218.665 131.3512 0

210060000 798198 555.7039 1185.763 90.27943 0

210060000 798168 2210.265 2186.552 55.05453 0

210060000 798164 2200.391 2195.043 53.99891 0

210060000 798175 2212.509 2259.162 53.4426 0

210060000 798169 2241.946 2141.675 61.18924 0
210060000 798150 1415.339 1564.215 32 0
210060000 798170 2308.626 2211.776 65.42802 0

210060000 798158 2219 2224.88 46.03 0

210060000 798187 548.5186 1244.113 90.86713 0
210060000 798165 2207.902 2199.345 53.99891 0

210060000 798172 2212.002 2251.188 53.4426 0

210060000 798173 2209.372 2261.98 53.4426 0

210060000 798154 2281.185 2220.118 62.97927 0

210060000 798177 417.3125 1209.473 131.2194 0
# Gerana
210060000 798216 1395.907 1562.17 32 0

210060000 798166 2279.76 2181.221 57 0

210060000 798221 2060.5 1844.777 30 0
210060000 798174 2206.547 2257.834 53.4426 0

210060000 798204 2686.856 811.9017 140.3195 0

210060000 798160 2278.406 2223.743 62.97927 0
# Ida
210060000 798188 458.6187 1258.394 130 0

210060000 798196 553.8484 1194.226 90.87402 0

210060000 798180 397.2572 1236.276 124.4264 0
210060000 798180 403.3605 1228.919 125.4007 0
210060000 798180 409.0583 1228.204 131.2154 0
210060000 798180 398.7831 1232.45 136 0
210060000 798195 550.8564 1195.476 91.11078 0

210060000 798199 2709.053 1653.836 50.30697 0

210060000 798179 400.7495 1230.606 125.4007 0
210060000 798176 402.8232 1219.258 135 0

210060000 798183 442.1528 1239.177 128.625 0
210060000 798183 442.316 1234.17 128.625 0
210060000 798183 582.3462 1262.045 92.125 0
210060000 798183 583.0562 1179.761 90.75 0
210060000 798184 591.6207 1179.821 90.84222 0
210060000 798184 589.3381 1274.685 92.125 0
210060000 798184 471.6 1230.2 135 0
210060000 798203 2700.779 819.6817 140.3195 0
210060000 798201 2693.367 815.9943 140.3195 0

210060000 798206 910.2926 2780.73 63.69048 0
210060000 798163 2201.917 2194.532 53.99891 0

210060000 798215 1908.001 118.6439 118.8102 0

210060000 700421 354.3904 101.3904 170 0
210060000 798200 2707.043 1655.612 50.30697 0

210060000 798208 471.5855 2101.758 56.27606 0

210060000 798182 417.0167 1224.224 130.643 0
210060000 798182 417 1224 131 0
210060000 798193 560.3317 1224.997 91.21284 0

210060000 798192 561.876 1228.779 91.6081 0
210060000 798156 2280.514 2253.279 63.58261 0

210060000 798197 556.3301 1188.248 90.47771 0

210060000 798159 2217.52 2234.56 46.23 0

210060000 798161 2272.792 2219.743 62.97927 0
210060000 798161 2276.653 2214.542 62.97927 0
210060000 798162 2285.534 2221.842 62.97927 0
210060000 798162 2281.006 2227.541 62.97927 0
210060000 798189 403.8647 1227.5 135.77 0

210060000 798207 908.3392 2777.736 63.43744 0
210060000 798194 573.5792 1217.861 89.88145 0
# Palimedes
210060000 798157 2234.433 2284.572 51.30538 0

210060000 798366 305 635 109.6939 0

210060000 798220 2203.644 2116.443 63.76487 0

210060000 798225 2969.156 191.7728 173 0

210060000 798190 409.1954 1218.754 132.0798 0

210060000 798211 810 1807 70 0

210060000 798212 1316.464 47.87122 87.88856 0
210060000 798212 1510.328 553.1827 87.88856 0
210060000 798210 476.154 2096.633 55.91249 0
210060000 798202 2695.172 817.8668 140.3195 0

210060000 798205 2687.665 817.4011 140.3195 0
210060000 798205 2682.987 812.5552 140.3195 0
210060000 798205 2694.655 826.5426 140.3195 0
210060000 798171 2250.031 2140.658 60.4426 0

210060000 798186 423.0202 1231.053 130.9564 0

210060000 798219 2204.161 2109.26 63.18924 0
210060000 798222 2073.671 1878.913 42 0

210060000 798191 395.0898 1227.322 134.8099 0
210060000 798218 2209.105 2099.742 62.45502 0
210060000 798214 1752.974 167.9523 89.95522 0

210060000 798167 2211.118 2182.793 55.02017 0
210060000 798213 1531.681 279.7333 103.4467 0

# objects to clean up.
210060000 700375 2830.62 1193.53 78.43 0
210060000 700375 2850.81 1106.91 97.5 0
210060000 700375 2902.9 1095.13 112.1 0
210060000 700375 2909.2 1108.76 112.75 0
210060000 700375 2913.99 1114.73 112.75 0
210060000 700375 2954.37 1056.16 111.61 0
210060000 700375 2912.94 1126.18 111.51 0
210060000 700375 2943.42 1127.63 112.64 0
210060000 700375 2931.62 1113.94 111.75 0
210060000 700375 2954.55 1110.55 111.51 0
210060000 700375 2957.57 1077.18 112.35 0
210060000 700375 2962.67 1041.65 111.12 0
210060000 700375 2960.91 1068.65 112.75 0
210060000 700375 2965.37 1066.84 112.75 0
210060000 700375 2961.14 1063.42 112.75 0

210060000 700338 1787.5 1421.55 23.54 0
210060000 700338 1794.44 1400.56 19.88 0
210060000 700338 1543.28 1295.41 29.03 0
210060000 700338 1538.04 1265 29.81 0
210060000 700338 1532.58 1281.49 28.41 0
210060000 700338 1507.8 1294.53 28.93 0
210060000 700338 1512.22 1296.93 29.07 0
210060000 700338 1508.7 1279.52 29.31 0
210060000 700338 1519.48 1256.41 29.68 0
210060000 700338 1812.43 1422.58 23.65 0
210060000 700338 1814.2 1452.53 23.95 0
210060000 700338 1788.22 1455.7 24.5 0
210060000 700338 1783.89 1441.39 24.51 0
210060000 700338 1814.77 1463.08 24.95 0
210060000 700338 2066.99 1376.99 25.31 0
210060000 700338 2086.2 1399.28 26.1 0
210060000 700338 2085 1330.92 25.65 0
210060000 700338 2101.38 1348.3 27.6 0
210060000 700338 2107.55 1369.25 26.41 0
210060000 700338 2116.4 1381.69 28.12 0

210060000 700378 1403.36 2318.73 69.6 0

210060000 730169 1985.89 2683.22 45.66 0
210060000 730169 2268.31 2830.6 41.11 0
210060000 730169 2457.95 2372.75 16.62 0
210060000 730169 2846.56 2485.48 23.45 0
210060000 730169 2684.64 2938.38 20.07 0

210060000 700420 193.75 1040.82 134.91 0

210060000 700390 429.52 1957.98 70.09 0
210060000 700390 635.92 2252.36 57.78 0
210060000 700390 653.94 1902.66 64.25 0
210060000 700390 522.42 2461.11 50.47 0
210060000 700390 404.53 2855.21 70.91 0
210060000 700390 235.29 2736.4 77.72 0
210060000 700390 236.12 2200.48 75.16 0
210060000 700390 437.08 2308.16 60.78 0
210060000 700390 755.7 2130.09 53.75 0
210060000 700390 916.93 1949.74 79.56 0

210060000 700416 390.05 2537.98 56.88 0

210060000 700391 438 508.03 124.25 0

210060000 700450 2530.08 2686.53 50.02 0
210060000 700450 2494.75 2706.75 48.2 0
210060000 700450 2516.19 2711.98 48.51 0
210060000 700450 2566.57 2706.58 54.07 0
210060000 700450 2527.07 2781.42 48.11 0
210060000 700450 2568.26 2754.35 45.69 0
210060000 700450 2586.83 2775.4 46.01 0
210060000 700450 2577.78 2973.59 60.31 0
210060000 700450 2530.59 2994.32 65.82 0
210060000 700450 2565.42 2994.76 63.71 0
210060000 700450 2607.29 3005.31 62.5 0
210060000 700450 2625.02 2974.22 50.75 0
210060000 700450 2715 2632.01 54.19 0
210060000 700450 2710.46 2620.75 52.01 0
210060000 700450 2721.13 2625.39 54.01 0
210060000 700450 2643.29 2548.91 47.92 0
210060000 700450 2627.25 2537.23 48.8 0
210060000 700450 2726.64 2338.51 48.66 0
210060000 700450 2753.66 2330.31 49.73 0
210060000 700450 2768.31 2272.36 62.12 0

210060000 700377 387.2 1065.47 14.24 0
210060000 700377 394.32 975.53 14.06 0
210060000 700377 364.65 892.05 14.59 0
210060000 700377 298.84 824.85 14.5 0
210060000 700377 246.37 720.25 14.26 0
210060000 700377 291.65 712.08 14.36 0
210060000 700377 343.81 746.32 14.16 0
210060000 700377 332.96 1109.34 14.33 0
210060000 700377 314.18 1157.11 14.38 0
210060000 700377 653.27 607.5 13.98 0
210060000 700377 678.59 594.43 14.05 0
210060000 700377 731.75 518.62 14.38 0
210060000 700377 714.07 482.17 14.5 0
210060000 700377 841.43 498.64 14.33 0
210060000 700377 870.22 498.01 14.04 0
210060000 700377 921.85 422.55 20.73 0
210060000 700377 984.63 434.75 23.89 0
210060000 700377 1026.81 372.45 14.21 0
210060000 700377 678.02 438.27 14.12 0
210060000 700377 568.38 444.88 14.39 0

210060000 700376 1405.01 2319.46 69.48 0

210060000 730145 2211.54 2202.16 54.27 0

210060000 730149 557.55 2174.68 45.86 0
210060000 730149 392.99 2103.46 66.4 0
210060000 730149 649.72 2069.56 46.12 0
210060000 730149 429.87 2251.75 58.78 0
# Mailbox
210060000 700000 1402.62 1568.17 30.88 0
210060000 700000 2282.44 2230.92 61.25 0

210060000 730148 1665 231 0 0
210060000 730148 1756.44 253.61 85.52 0
210060000 730148 1665.59 231.03 75.71 0

210060000 700374 2085.9 2609.71 78.92 0
210060000 700374 2096.47 2679.72 68.48 0
210060000 700374 2258.47 2591.14 69.85 0
210060000 700374 2195.03 2725.89 65.12 0
210060000 700374 2347.53 2701.29 49.59 0
210060000 700374 2459.32 2365.25 37.87 0
210060000 700374 2453.18 2844.44 66.58 0
210060000 700374 2466.6 2935.25 71.15 0
210060000 700374 1993.29 2683.59 67.55 0
210060000 700374 2274.66 2821.69 62.46 0
210060000 700374 2052.5 2806.79 59.47 0
210060000 700374 2128.32 2986.58 77.64 0
210060000 700374 2280.38 2938.59 65.65 0
210060000 700374 2323.93 2979.6 63.58 0
210060000 700374 2372.6 2856.16 59.96 0
210060000 700374 2685.74 2931.28 42.41 0
210060000 700374 1916.06 2723.9 63.38 0
210060000 700374 1891.44 2563.03 94.33 0
210060000 700374 1908.64 2556.1 90.86 0
210060000 700374 1961.56 2558.09 83.96 0

210060000 730146 542.25 1196.5 92.63 0

210060000 730147 543.26 1196.3 92.63 0

210060000 700392 569.89 577.48 123.72 0

210060000 700339 1805 1152 29 0
210060000 700339 1805.93 1152.92 28.37 0

210060000 700389 915.67 3039.36 175.86 0
210060000 700389 926.98 3034.48 185.15 0
210060000 700389 937.72 3032.34 176.6 0

210060000 700388 930.32 3025.18 101.08 0
210060000 700388 932.65 2976.24 94.84 0
210060000 700388 898.56 3019.49 95.23 0
210060000 700388 848 2987.55 94.87 0
# Tears of Luck
210060000 700537 1158.238 358.1303 209 0

210060000 730154 2978.09 193.51 172.14 0

210060000 700393 467.27 636.91 132.38 0

210060000 700419 564.7 904.43 173.5 0

210060000 700418 2721.05 1630.99 45.62 0

210060000 700398 2806.41 2765.93 57.12 0

210060000 730144 2210.44 2202.21 54.27 0

210060000 730105 1461.75 1554.21 31.61 0

210060000 730106 1462.62 1554.21 31.62 0