# mapid npcid x y z heading
# Npc spawns by KID
# Fix by Lamo2k123

# Heiron

# Ladon
210040000 204622 294.85794 1982.5885 110.0 0
# Kasarello
210040000 204516 2570.109 402.00525 418.0 0
# Sisandra
210040000 204508 2574.6785 393.01245 418.0 0
# Skanas
210040000 204594 1694.4749 2661.3547 114.10372 0
# Gasuto
210040000 204506 2441.7058 328.1667 416.0 0
# Sierin
210040000 204632 2540.0132 357.9888 412.0 0
# Nibeon
210040000 204532 1636.0527 2692.6404 117.0 0
# Prokopios
210040000 204608 981.76807 701.2532 136.0 0
# Kleio
210040000 204598 1684.7599 2671.6553 115.30596 0
# Nargis
210040000 204619 2446.5017 282.45767 432.0 0
# Resha
210040000 204525 2424.487 377.54507 414.79404 0
# Serdy
210040000 204639 140.94647 1621.4459 121.71547 0
# Phuthollo
210040000 204519 2462.5664 369.7169 412.0 0
# Hestonos
210040000 204576 717.7861 623.50665 130.0 0
# Spokesperson of Paserta
210040000 204647 196.37582 1604.2385 130.0 0
# Nerison
210040000 204573 713.2282 606.49036 130.0 0
# Genes
210040000 204520 2518.0388 418.28348 408.7403 0
# Erone
210040000 204568 139.37701 1631.7244 121.71547 0
# Lomulias
210040000 204571 145.78465 1628.8502 121.71547 0
# Shoranarerk
210040000 798076 919.362 2248.8667 157.375 0
# Piros
210040000 204600 2036.3892 1403.8909 120.10001 0
# Kacias
210040000 204625 344.0 1620.0 116.0 0
# Arkos
210040000 204561 170.51279 1664.2502 120.5145 0
# Rance
210040000 204612 137.11523 1623.2905 121.71547 0
# Orhes
210040000 204528 2488.445 423.30377 411.78784 0
# Terba
210040000 730025 168.42218 1597.4739 122.0 0
# Keas
210040000 204637 2477.1572 340.9676 412.0 0
# Altiana
210040000 204509 2459.8188 287.62317 422.0 0
# Edoras
210040000 204559 175.16324 1650.6539 122.0 0
# Menaxia
210040000 204544 1556.6923 2731.8862 119.0 0
# Breive
210040000 204631 2548.0 356.0 412.0 0
# Trajanus
210040000 730024 129.0 1578.0 122.0 0
# Heraloene
210040000 790018 1659.78 2724.5 117.0 0
# Eopede
210040000 204518 2428.2283 371.87048 414.79404 0
# Voluptes
210040000 204592 1682.6677 2656.731 116.0 0
# Gunes
210040000 204529 2514.9902 358.6362 410.0 0
# Meiheira
210040000 204503 2438.3167 321.58887 415.34235 0
# Gella
210040000 204591 1690.4829 2656.542 116.0 0
# Fenne
210040000 204606 712.50134 639.06464 130.0 0
# Mirborante
210040000 204555 1450.7723 1344.9648 175.0 0
# Panaita
210040000 204554 1451.0 1326.0 175.0 0
# Ibelia
210040000 204582 2244.9294 614.8943 272.0 0
# Trou
210040000 204560 134.09 1629.58 121.751686 0
# Hideros
210040000 204539 1584.2086 2734.1233 120.0 0
# Rojani
210040000 204595 1674.9431 2668.6753 117.0 0
# Kisia
210040000 204512 2470.8047 300.2154 416.005 0
# Senemonea
210040000 204583 982.3732 693.54565 136.0 0
# Gairos
210040000 204551 1442.5383 1322.1865 174.625 0
# Luke
210040000 204558 159.37 1663.73 122.0 0
# Wailing Moroch
210040000 204611 2417.506 691.3761 370.0 0
# Zerone
210040000 204642 142.4545 1630.4257 121.71547 0
# Pobinerk
210040000 798103 1661.804 237.72545 130.0 0
# Rusiridite
210040000 204569 152.6 1654.47 122.0 0
# Rahelio
210040000 204552 1457.0 1374.0 176.0 0
# Lisidike
210040000 204545 902.81226 2245.316 157.375 0
# Tolemos
210040000 204638 1574.458 2743.44 118.430244 0
# Eudora
210040000 204597 1701.4034 2665.2646 114.25011 0
# Piera
210040000 204584 964.9495 693.1378 136.0 0
# Aririnirerk
210040000 798073 2419.0 350.0 415.3995 0
# Jukabe
210040000 204523 2440.0615 403.6842 412.5983 0
# Miobera
210040000 204546 904.2993 2244.7544 157.375 0
# Kelber
210040000 204524 2445.2073 405.04184 412.5983 0
# Lamidros
210040000 204610 2876.0027 2227.488 145.0 0
# Zetus
210040000 790019 1552.1492 2711.1 118.53683 0
# Ageios
210040000 204570 180.7144 1633.4003 122.0 0
# Dokurunerk
210040000 798071 160.0 1629.0 123.0 0
# Antione
210040000 204547 1633.7213 2768.0305 123.564766 0
# Sarumok
210040000 730028 194.78824 1664.7408 112.43683 0
# Lupigena
210040000 204542 1630.1569 2745.11 125.0 0
# Nesteto
210040000 204650 1075.2969 2915.3513 122.0 0
# Amene
210040000 204513 2544.0 337.0 412.0 0
# Kuobe
210040000 204578 699.5235 627.1152 130.0 0
# Brosia
210040000 204601 2015.472 1412.676 120.10001 0
# Endyon
210040000 204537 1569.786 2673.1877 115.625 0
# Deshirung the Blimp
210040000 212164 316.8312 323.9354 120.0 0
# Hokuma
210040000 204618 2755.0 1401.0 269.0 0
# Armis
210040000 204641 1579.8364 2745.7253 118.430244 0
# Kalendros
210040000 204574 717.25464 625.5797 130.0 0
# Klaus
210040000 204550 1442.0016 1352.8578 174.8454 0
# Okonus
210040000 204585 977.06976 695.9841 136.0 0
# Zeuclid
210040000 204607 973.54016 699.4211 136.0 0
# Neisthea
210040000 204580 2245.2166 607.84283 272.0 0
# Aifemis
210040000 204536 1596.5656 2732.6582 120.005 0
# Gamedes
210040000 204588 1116.1296 1695.1625 110.10001 0
# Meteria
210040000 204596 1678.0228 2720.278 113.66618 0
# Atalante
210040000 204602 2007.9675 1395.1406 120.10001 0
# Roina
210040000 204633 1430.2876 1380.8254 176.0 0
# Wandering Ghost
210040000 204587 870.7518 1668.4083 108.79698 0
# Mersephon
210040000 730026 229.64348 1603.5286 113.977715 0
# Sulates
210040000 204505 2444.0 250.0 421.75235 0
# Sillen
210040000 204586 972.15704 694.5574 135.25 0
# Terentius
210040000 204553 1441.0 1377.0 176.0 0
# Aphesius
210040000 204549 1446.0 1359.8517 180.50401 0
# Iorene
210040000 204581 2242.5864 605.68823 272.0 0
# Xanthe
210040000 204609 1785.0448 1350.8597 102.25 0
# Mempion
210040000 204627 435.0 1975.0 116.0 0
# Barantus
210040000 204514 2541.0 337.0 412.0 0
# Namarinerk
210040000 798074 903.0805 2238.2927 157.375 0
# Ephos
210040000 204522 2484.7083 336.74014 412.0 0
# Bollvig the Black Heart
210040000 212314 1001.488 2828.5364 236.0 0
# Maximus
210040000 204535 1652.7762 2693.0652 117.0 0
# Molina
210040000 204526 2461.9272 410.86798 413.0 0
# Ate
210040000 204640 2452.3213 402.71426 413.0 0
# Sofne
210040000 204504 2448.0 238.0 421.8035 0
# Euripia
210040000 204548 1573.0052 2748.5564 118.430244 0
# Karinerk
210040000 798070 2513.682 295.36194 416.10294 0
# Lantis
210040000 204540 1630.3522 2720.4438 117.914986 0
# Senir
210040000 204534 1608.701 2696.6274 120.30006 0
# Rexius
210040000 204599 1682.6439 2714.978 113.534584 0
# Ekseus
210040000 204593 1692.107 2701.9597 117.0 0
# Poporinerk
210040000 798096 1120.4788 1695.0046 110.0 0
# Mojarunerk
210040000 798075 914.59204 2236.5334 157.375 0
# Protector Phobos
210040000 204646 2466.586 301.7833 416.005 0
# Seniferes
210040000 204575 704.7971 641.1428 130.0 0
# Cheerinrinerk
210040000 798095 1882.9202 2658.6672 148.0 0
# Anto
210040000 204533 1619.3722 2738.5864 122.953354 0
# Belakade
210040000 204515 2479.267 340.70056 412.0 0
# Seiana
210040000 204556 1423.8728 1333.018 175.0 0
# Rex
210040000 204636 1659.9852 238.92268 130.0 0
# Prangos
210040000 730027 166.95 1630.8 123.0 0
# Koorunerk
210040000 798069 2514.9702 296.29697 416.10294 0
# Berone
210040000 204589 1123.7731 1701.7726 110.10001 0
# Cursed Ganges
210040000 204613 1326.5427 1448.9999 112.13033 0
# Aimillia
210040000 204543 1636.8846 2745.1116 125.00001 0
# Tegis
210040000 204531 1628.8208 2762.7522 123.52852 0
# Kravis
210040000 204557 156.02 1662.07 122.0 0
# Aiokina
210040000 204579 694.0794 641.21405 130.0 0
# Spina
210040000 204626 503.0 1943.0 119.0 0
# Kalione
210040000 204577 723.32697 638.6852 130.0 0
# Catid
210040000 204538 1581.7338 2676.772 118.0 0
# Daruka
210040000 204517 2545.868 357.37427 412.0 0
# Karanus
210040000 204572 137.9406 1571.0498 120.0 0
# Graa
210040000 204530 2465.66 350.4756 413.0 0
# Nekentos
210040000 204527 2495.9585 312.00717 416.0 0
# Erato
210040000 204630 1594.4498 2764.0168 128.0 0
# Dolla
210040000 204511 2503.5103 306.1961 417.0 0
# Gorgos
210040000 204590 1668.8148 2665.7673 116.0 0
# Kalkas
210040000 204628 401.64026 1794.6117 112.0 0
# Sarantus
210040000 204501 2456.0 239.0 421.75235 0
# Perento
210040000 204500 2438.2217 312.40262 415.28717 0
# Tessia
210040000 204629 153.0 1593.0 121.0 0
# Camana
210040000 204541 1667.6705 2685.5005 116.0 0
# Loktania
210040000 204507 2448.31 325.3922 416.0 0
# Barsita
210040000 204502 2445.1055 318.5529 415.34235 0
# Henobe
210040000 204521 2518.8252 317.2809 417.0 0
# Mato
210040000 204510 2520.6606 375.0216 410.0 0
# Balboa
210040000 204645 270.64124 512.98505 122.7863 0
# Nagirinerk
210040000 798072 131.90088 1599.8906 121.0 0
# Sirilis
210040000 204562 153.35 1611.52 122.0 0
# Obelisk (Heiron)
210040000 700025 2468.5186 300.03873 416.21384 25
# Obelisk (stormCircle)
210040000 250093 865.0934 2874.9392 147.11494 0
# Obelisk (heironObservatory)
210040000 700026 1450.8402 1346.6393 175.43262 0
# Obelisk (jeiaparanVillage)
210040000 700027 1620.6666 2740.5083 123.6084 0
# Obelisk (arbolusHaven)
210040000 700399 153.92722 1613.0404 121.800125 0

# NPCs/Objects spawns by Atomix from http://aion.atomixro.com
# Thanks to TheOne & Matej for helping me.
# mapid npcid x y z heading
# Fix By Alias

# "Arbolu, the Ancestor of Elim" 
210040000 730133 161.37 1627.19 123 0
# Aetherogenetics Lab Entrance
210040000 730034 235.95 533.53 158.75 4
# Ancient Plate Box
210040000 700205 1199.16 2548.78 137.8 0
210040000 700205 1162.44 2517.17 138.16 0
210040000 700205 1115.39 2504.48 137.79 0
210040000 700205 1099.38 2415.48 138.29 0
210040000 700205 1103.26 2443.07 137.92 0
210040000 700205 1111.5 2377.76 140.53 0
210040000 700205 1060.99 2355.14 139.48 0
210040000 700205 940.26 2450.37 138.88 0
210040000 700205 997.48 2442.77 146 0
210040000 700205 944.33 2362.82 141.96 0
210040000 700205 1013.22 2404.18 137.84 0
210040000 700205 1031.9 2396.99 137.92 0
210040000 700205 1026.51 2368.25 138.06 0
210040000 700205 1067.87 2425.05 138.32 0
210040000 700205 1080.81 2505.85 137.5 0
# Ancient Pot
210040000 700207 663.21 2769.93 123.75 0
210040000 700207 665.35 2803.96 123.83 0
210040000 700207 676.33 2711.65 126.25 0
210040000 700207 631.61 2856.71 111 0
210040000 700207 405.65 2723.26 117.6 0
210040000 700207 460.08 2736.49 119.57 0
210040000 700207 422.11 2715.82 119.25 0
210040000 700207 508.1 2734.46 116.94 0
210040000 700207 650.83 2574.73 136.18 0
210040000 700207 618.54 2498.83 137.05 0
210040000 700207 725.32 2932.04 102.54 0
210040000 700207 397.22 2548.12 138.83 0
210040000 700207 428.07 2626.24 146.74 0
210040000 700207 548.18 2548.3 130.79 0
210040000 700207 509.56 2653.23 128.98 0
# Ancient Shield
210040000 700202 1556.32 2379.32 126.53 0
210040000 700202 1651.54 2423.87 118.65 0
210040000 700202 1524.54 2415.06 121.88 0
210040000 700202 1466.15 2358.53 125.97 0
210040000 700202 1422.18 2324.39 135.94 0
210040000 700202 1424.5 2428.83 135.88 0
210040000 700202 1381.1064 2516.1047 127.53294 0
# Ancient Sword
210040000 700201 1565.45 2319.16 136.29 0
210040000 700201 1527.92 2393.77 121.5 0
210040000 700201 1611.08 2439.33 120.61 0
210040000 700201 1639.97 2454.15 118.5 0
210040000 700201 1469.64 2382.71 122.91 0
210040000 700201 1433.86 2351.04 135.75 0
210040000 700201 1388.1 2313.79 139.25 0
210040000 700201 1420.47 2511.5 129.7 0
# Artifact of Transcendence
210040000 730186 2019.51 1467.34 127.19 0
# Azoturan Fortress Passage
210040000 700364 542.84 712.98 153.03 0
# Balaur Guardian Stone
210040000 700220 1883.86 2573.21 139.97 0
210040000 700220 1967.45 2604.54 137.68 0
210040000 700220 1983.37 2651.06 138.48 0
210040000 700220 2065.51 2693.39 118.33 0
210040000 700220 2111.61 2692.54 113.9 0
210040000 700220 2119.94 2727.88 114.57 0
210040000 700220 2167.2 2683.32 109.39 0
210040000 700220 2397.64 2462.59 159.57 0
210040000 700220 2306.69 2414.96 119.9 0
210040000 700220 2371.4 2484.46 156.64 0
210040000 700220 2416.86 2523.63 144.98 0
210040000 700220 2313.02 2460.87 120.28 0
210040000 700220 2324.48 2520 141.66 0
210040000 700220 2385.06 2561.98 146.19 0
210040000 700220 2297.78 2587.73 139.12 0
210040000 700220 2345.07 2620.94 155.03 0
210040000 700220 2268.62 2545.61 132.18 0
210040000 700220 2293.72 2667.81 134.11 0
210040000 700220 2241.49 2492.11 130.11 0
210040000 700220 2202.15 2527.43 131.14 0
# Bio Experiment Device
210040000 700197 463.78 1056.25 123.67 0
210040000 700197 479.98 1056.12 123.67 0
210040000 700197 471.33 1056.12 123.67 0
210040000 700197 270.48 521.7 122.79 0
210040000 700197 270.51 512.97 122.79 0
210040000 700197 246.91 582.89 147.58 0
210040000 700197 232.03 579.05 147.58 0
210040000 700197 239.73 580.97 147.58 0
210040000 700197 223.35 575.55 147.58 0
210040000 700197 396.61 727.83 128.94 0
210040000 700197 396.54 736.68 128.94 0
210040000 700197 365.29 728.3 128.94 0
210040000 700197 365.5553 736.6399 128.93951 0
210040000 700197 218.23 606.23 147.56 0
# Destroyed Teleport Statue
210040000 730033 184.1 2703.95 115.5 0
# Discolored Bones
210040000 700195 403.66 1564.13 119 0
210040000 700195 354.7 1642.92 114.98 0
210040000 700195 318.49 1703.49 109.91 0
210040000 700195 476.88 1973.58 118.31 0
210040000 700195 537.79 1878.6 117.38 0
210040000 700195 473.32 1946.69 117.68 0
210040000 700195 560.55 1816.5 117.06 0
210040000 700195 472.66 1870.93 126.49 0
210040000 700195 568.39 1704.01 109.5 0
210040000 700195 472.26 1728.66 107.12 0
210040000 700195 360.99 1717.01 110.63 0
210040000 700195 456.77 1693.87 108.94 0
210040000 700195 369.7 1772.36 111.19 0
210040000 700195 422.18 1750.45 110.25 0
210040000 700195 435.19 1844.71 120.4 0
210040000 700195 439.27 1895.57 117.88 0
210040000 700195 398.43 1927.8 112.5 0
# Drake Stone Statue
210040000 700239 182.18 2703.97 143.65 0
# Empty Stone Coffin
210040000 700270 197.89534 1916.5701 114.375 0
# Engraved Stone Tablet
210040000 700217 2114.6794 400.37875 235.74312 86
# Fallen Lapontos
210040000 700218 1781.69 469.94 181 0
# First Stone Plate
210040000 700356 303 307.25 119.82 0
# Heiron Abyss Gate
210040000 700360 1873.6564 2584.2305 141.12587 10
210040000 700360 2484.84 351.8 524.4662 58
# Jaiorunerk's Tomb
210040000 730141 194.84695 2012.7988 113.105865 31
# Kakuna Egg
210040000 700192 834.92 1088.02 116.88 0
# Kirenne's Corpse
210040000 700196 201.7696 2039.1387 113.21986 90
# Klaw Spawner
210040000 700209 1299.23 340.67 122.81 0
210040000 700209 1255.28 355.61 117.07 0
210040000 700209 1060.34 497.66 106.36 0
210040000 700209 1095.44 445.93 105.25 0
210040000 700209 1086.24 439.76 105.5 0
210040000 700209 1053.03 391.88 105.69 0
210040000 700209 1086.12 366.77 105.14 0
210040000 700209 1011.77 333.31 103.99 0
210040000 700209 1096.42 361.96 103.55 0
210040000 700209 1064.33 279.86 108.87639 0
210040000 700209 1115.32 331.98 108.38 0
210040000 700209 1103.44 284.79 105.97514 0
210040000 700209 1109.65 315.98 105.79 0
210040000 700209 1090.58 241.42 107.01 0
210040000 700209 1150.39 323.96 111.37 0
210040000 700209 1141.5383 269.51374 109.06688 0
210040000 700209 1160.15 327.27 112.58 0
210040000 700209 1172.76 279.71 114.01 0
210040000 700209 1174.07 271.37 113.18 0
210040000 700209 1141.06 180.83 110.42 0
# Mailbox
210040000 700000 2470.74 285.03 421.17 0
210040000 700000 157.48 1622.12 121.26 0
210040000 700000 1638.71 2744.44 123.12 0
# Old Box
210040000 700513 134.51 1598.09 120.25 0
# Old Fishing Rod
210040000 730189 1081.48 1672.96 102.25 20
# Plain Fishing Rod
210040000 730190 1070.98 1620.05 102.87 0
# Rift
210040000 700137 2564.87 509.58 387 0
210040000 700137 533.53 560.14 143.1 0
210040000 700137 655.14 1889.05 115.1 0
# Second Stone Plate
210040000 700357 312.34 339.88 119.7 0
# Secret Passage of Indratu Legio
210040000 730040 2320.24 1425.15 125.25 0
# Sisandra's Cube
210040000 700189 2725.369 298.1641 542.63007 0
# Strong Fishing Rod
210040000 730191 980.01 1697.12 102.79 0
# Supply Box
210040000 700200 1509.931 2774.884 100.27252 0
210040000 700200 1670.097 2785.253 102.028496 0
210040000 700200 1645.98 2641.745 100.25 0
210040000 700200 1541.322 2770.16 104.0296 0
210040000 700200 1602.394 2659.557 101.85037 0
210040000 700200 1734.109 2655.684 100.375 0
210040000 700200 1516.936 2673.906 100.25 0
210040000 700200 1583.284 2805.944 1020576965 0
210040000 700200 1494.636 2724.448 100.25 0
210040000 700200 1717.243 2736.666 100.32769 0
# Suspicious Stone Statue
210040000 700272 1676.96 2520.87 100.25 29
# Tears of Luck
210040000 700537 224.9792 818.2935 125 0
210040000 700537 183.1932 2819.651 118 0
210040000 700537 1278.889 125.0566 104 0
210040000 700537 683.4591 1881.933 114.7132 0
210040000 700537 1161.943 2393.671 138 0
210040000 700537 1247.88 1641.68 109 0
210040000 700537 367.6911 294.2052 134 0
210040000 700537 231.9832 2105.396 113 0
210040000 700537 1662.599 740.9398 115 0
210040000 700537 837.1338 1074.047 119 0
# Third Stone Plate
210040000 700358 328.87 337.43 119.81 0
# Tombstone of Litonos
210040000 700193 912.79 1727.38 117.12151 0
# Torch of Attack
210040000 700222 1567.26 2449.42 113.83 0
# Torch of Battle
210040000 700225 1450.89 2476 123.88 0
# Torch of Courage
210040000 700223 1538.58 2447.15 118.547 0
# Torch of Encouragement
210040000 700221 1581.95 2484.11 109.97 0
# Torch of Glory
210040000 700227 1366.57 2494.47 125.30 0
# Torch of Guidance
210040000 700224 1501.65 2475.59 124 0
# Torch of Victory
210040000 700226 1400.97 2479.25 124.45 0
# Tree Mushroom
210040000 700194 339.0197 1230.825 110 0
210040000 700194 418.5616 1237.388 124.66325 0
210040000 700194 295.6696 1468.404 115.5321 0
210040000 700194 183.0744 1300.953 108.54022 0
210040000 700194 217.9088 1409.313 111.5057 0
210040000 700194 347.0834 1331.242 120 0
210040000 700194 213.1997 1391.038 111.33993 0
210040000 700194 330.8637 1232.42 110 0
210040000 700194 303.6229 1276.25 117 0
210040000 700194 322.8342 1381.387 106.45478 0
210040000 700194 501.6185 1353.529 123.875 0
210040000 700194 494.57 1344.566 123.33776 0
210040000 700194 308.6155 1261.141 114.088936 0
210040000 700194 368.7704 1378.094 127.10805 0
210040000 700194 519.9904 1423.289 109.55336 0
210040000 700194 184.6024 1251.502 114.437256 0
210040000 700194 423.8704 1252.082 123.46032 0
210040000 700194 439.0608 1235.719 124.8087 0
210040000 700194 311.534 1279.666 118 0
210040000 700194 175.1512 1243.137 114 0
210040000 700194 509.5609 1226.573 122.01907 0
210040000 700194 635.3597 1228.24 117.265 0
210040000 700194 177.1069 1258.211 114 0
210040000 700194 377.5934 1382.469 126.820274 0
210040000 700194 455.3683 1324.65 118 0
210040000 700194 371.3745 1390.121 125.0481 0
210040000 700194 461.5872 1316.997 118 0
210040000 700194 518.372 1468.278 108.43887 0
210040000 700194 497.9945 1219.778 122.58371 0
210040000 700194 617.539 1223.901 117.86881 0
210040000 700194 426.1212 1220.553 124.64441 0