# mapid npcid x y z heading
# Npc spawns by KID
# Fix by Lamo2k123 + Alias
# Verteron

# Aremine
210030000 203112 1636.5128 1520.3812 121.0 0
# Anontrite
210030000 203179 2317.5005 1806.5504 196.0 0
# Laskis
210030000 203330 2323.4263 1801.4673 196.0 0
# Phorcys
210030000 203184 2377.44 795.53 102.72063 0
# Beris
210030000 203133 1329.0956 2183.046 143.5 0
# Lunax
210030000 203178 2317.86 1797.6635 197.0 0
# Gaurinerk
210030000 798001 1685.4552 1536.8812 119.76358 0
# Feimerk
210030000 798124 2332.9812 1810.4668 194.0 0
# Taiotus
210030000 203121 1670.8358 1496.6965 119.19303 0
# Irian
210030000 203107 1704.8021 1528.659 120.21605 0
# Gossiper Jin
210030000 700029 2120.2783 636.5635 101.47425 0
# Vascus
210030000 203157 2071.3406 2415.5107 276.01733 0
# Considerate Lagos
210030000 203153 1313.8043 2514.973 213.35393 0
# Hynops
210030000 203122 1678.5323 1487.2775 184.19461 0
# Anasia
210030000 203163 1269.5022 2627.3735 209.0 0
# Parine
210030000 203092 1672.997 1515.9098 119.06231 0
# Hyacinte
210030000 203097 1721.301 1491.203 121.942665 0
# Kinesos
210030000 203096 1708.672 1489.787 122.00186 0
# Irona
210030000 203159 2064.4043 2412.6956 275.0 0
# Khidia
210030000 203183 2377.007 830.45013 107.65739 0
# Imerun
210030000 203135 1326.7375 2179.0933 143.63557 0
# Leto
210030000 203129 1263.4119 2180.9028 152.0 0
# Linorasa
210030000 203168 2368.696 831.29694 103.0 0
# Nesia
210030000 203199 1621.5103 1491.8052 129.0 0
# Belfinu
210030000 203173 2385.7632 788.4409 102.55294 0
# Ispio
210030000 203108 1632.468 1488.3126 119.78284 0
# Manos
210030000 790000 1655.8699 1520.2257 118.91135 0
# Pobina
210030000 203332 1649.9984 1471.5232 122.0 0
# Dronoa
210030000 203162 1268.307 2628.9668 209.0 0
# Alteno
210030000 203093 1637.0073 1505.0311 119.704605 0
# Nadaelo
210030000 203101 1648.516 1455.1875 121.15943 0
# Adelia
210030000 203102 1651.7964 1487.5651 119.375 0
# Kairon
210030000 203109 1629.47 1521.53 120.0625 0
# Meteina
210030000 203147 1552.7401 1160.3622 114.06791 0
# Alaus
210030000 203106 1667.387 1496.8662 118.875 0
# Ondanius
210030000 203124 1364.0243 1843.2286 121.48037 0
# Atorinus
210030000 203160 2053.1714 2405.7595 277.0 0
# Abolos
210030000 203126 1282.4749 2167.4395 151.09532 0
# Eradis
210030000 203130 1337.2001 2239.5286 147.17986 0
# Selene
210030000 203099 1722.8463 1451.2164 123.52807 0
# Hanontus
210030000 203141 1304.0996 2280.4053 145.625 0
# Spiros
210030000 203111 1687.6349 1483.3033 121.58683 0
# Lostes
210030000 203154 1645.5186 2228.346 162.64662 0
# Mairon
210030000 203103 1675.8795 1472.4152 122.0 0
# Notos
210030000 203167 2365.8496 847.9684 103.0 0
# Mirdiena
210030000 203120 1639.0824 1501.1592 119.964615 0
# Drasia
210030000 203094 1676.8212 1438.6366 121.90555 0
# Gaione
210030000 203190 1588.2814 1555.589 112.62982 0
# Une
210030000 203172 2387.4365 788.6099 102.375 0
# Ordais
210030000 203104 1692.8271 1516.9172 122.0 0
# Lusis
210030000 203134 1247.2599 2272.1125 142.91452 0
# Pilamonia
210030000 203138 1265.5753 2171.809 152.0 0
# Mileno
210030000 730013 2273.7246 1717.3484 118.454666 0
# Enia
210030000 203095 1674.368 1458.7615 121.683014 0
# Meliodas
210030000 203156 1720.2235 2755.0159 271.0049 0
# Gen
210030000 203169 2359.7131 807.36304 104.0 0
# Morai
210030000 203164 2314.6135 1800.9707 197.0 0
# Geolus
210030000 203149 1677.2657 2270.7468 168.0 0
# Urakron
210030000 203091 1639.1172 1498.7598 121.0 0
# Minos
210030000 203333 1337.0 2255.0 146.30313 0
# Qydro
210030000 203125 1279.2632 2249.918 145.51152 0
# Hianu
210030000 203150 1640.508 2230.4556 162.90347 0
# Elote
210030000 730012 2439.2893 1773.372 112.0 0
# Ivis
210030000 203100 1651.408 1451.299 121.159065 0
# Roseino
210030000 203155 1725.2692 2755.7742 270.99518 0
# Krodis
210030000 203139 1244.55 2208.96 149.125 0
# Maniparas
210030000 203131 1347.5032 2225.8687 147.5295 0
# Worker Supervisor Numonerk
210030000 798004 1661.5175 1543.7463 129.0 0
# Nola
210030000 730001 1273.27 1881.26 121.57875 0
# Perinens
210030000 203110 1634.72 1527.9468 120.16002 0
# Palaemon
210030000 203105 1691.1555 1477.5161 121.44807 0
# Lepios
210030000 203148 1755.6732 2462.6199 152.52641 0
# Antheia
210030000 203119 1843.265 1302.8676 197.91408 0
# Illos
210030000 203151 1677.2418 2265.378 168.0 0
# Titania
210030000 203180 2319.9124 1799.624 197.0 0
# Santenius
210030000 203128 1244.9305 2165.773 151.67088 0
# Ramor
210030000 203145 1255.719 2223.8486 144.875 0
# Toroonerk
210030000 798002 1683.9066 1537.0432 119.76358 0
# Naia
210030000 203127 1279.3477 2236.2747 143.04077 0
# Airote
210030000 203136 1339.8744 2204.0688 142.7343 0
# Nemia
210030000 203132 1332.7131 2243.7458 147.94383 0
# Gano
210030000 203123 1365.7804 1843.1772 121.461945 0
# Poppy
210030000 203191 951.30005 2480.7905 187.75 0
# Stony the Stone Fist
210030000 203189 2070.014 2423.833 275.35327 0
# Segatus
210030000 203193 1326.2833 2200.293 144.13501 0
# Jenel
210030000 203170 2419.4026 791.44904 102.24016 0
# Laudis
210030000 203171 2427.4775 824.19165 101.7921 0
# Zephyros
210030000 203166 2369.95 851.7148 103.0 0
# Spatalos
210030000 203098 1724.7662 1493.8678 121.883026 0
# Saminel
210030000 203137 1243.4177 2269.1968 143.88638 0
# Cerios
210030000 203165 2327.3818 1810.2793 195.0 0
# Gaphyrk
210030000 798003 891.90875 2024.2031 166.28307 0
# Eninte
210030000 203161 1977.17 2632.55 302.0 0
# Neltonia
210030000 203140 1261.3488 2299.0095 141.87941 0
# Ibion
210030000 203158 2051.623 2424.294 274.0 0
# Estino
210030000 203146 1546.5394 1157.788 114.36784 0
# Alrunta
210030000 730014 2280.2178 1900.5709 113.70483 0
# Obelisk(Verteron)
210030000 700015 1692.8931 1479.1415 122.181274 50
# Obelisk (verteronCitadel)
210030000 700020 1693.0984 1478.9392 122.181274 45
# Obelisk (pilgrim'sRespite)
210030000 700021 2054.7905 2406.8657 276.482 45
# Obelisk (verteronObservatory)
210030000 700022 2370.1604 832.9036 101.9705 60
# Obelisk (mirajusHolyGround)
210030000 700023 2318.4395 1801.497 195.900 15
# Obelisk (tolbasVillage)
210030000 700024 1267.5803 2170.8855 151.83209 15
# Abyss Fragment
210030000 700091 1648.886 1484.324 190 0
210030000 700091 1695.46 1548.1 175 0
210030000 700091 1732.03 1440.45 215 0
210030000 700091 1677.07 1421.59 170 0
210030000 700091 1680.04 1530.31 200 0
210030000 700091 1688.12 1498.63 210 0
210030000 700091 1661.3 1464.26 172 0
210030000 700091 1717.33 1504.69 180 0
210030000 700091 1656.04 1509.95 182 0
210030000 700091 1585.6 1485.99 205 0
210030000 700091 1698.81 1440.45 180 0
210030000 700091 1620.84 1420.38 180 0
210030000 700091 1718.811 1401.295 190 0
210030000 700091 1659.933 1574.932 190 0
210030000 700091 1738.55 1498.1 210 0
210030000 700091 1732.26 1531.55 170 0
210030000 700091 1694.99 1501.06 195 0
210030000 700091 1686.1 1453.66 205 0
210030000 700091 1648.33 1500.23 190 0
210030000 700091 1719.54 1464.77 195 0
210030000 700091 1710.28 1479.43 200 0
210030000 700091 1610.44 1484.6 220 0
210030000 700091 1704.1 1469.17 215 0
210030000 700091 1644.03 1447.17 210 0
# Belbua's Wine Barrel
210030000 700122 1183 1699 104.25 0
# Contaminated Swamp Plant
210030000 700113 1631.923 2738.132 233.25 0
210030000 700113 1679.507 2742.674 233.61368 0
210030000 700113 1672.373 2753.332 233.125 0
210030000 700113 1791.216 2703.211 267.826 0
210030000 700113 1739.77 2747.59 269.30127 0
210030000 700113 1849.423 2716.624 268.54193 0
210030000 700113 1787.271 2672.883 26.02338 0
210030000 700113 1644.457 2730.446 235 0
210030000 700113 1781.8 2728.345 270.60025 0
210030000 700113 1795.047 2638.515 269.22385 0
210030000 700113 1668.693 2730.518 233.78879 0
210030000 700113 1846.667 2672.115 267.5833 0
210030000 700113 1790.475 2746.76 269.26752 0
210030000 700113 1834.304 2686.595 267.53717 0
210030000 700113 1752.727 2732.59 269.70178 0
210030000 700113 1842.932 2647.025 267.5 0
210030000 700113 1669.968 2765.353 233.29243 0
210030000 700113 1646.756 2779.553 236.61124 0
210030000 700113 1814.907 2727.712 268.22302 0
210030000 700113 1812.953 2611.918 268.75876 0
210030000 700113 1660.822 2727.114 235.50272 0
210030000 700113 1756.907 2716.279 267.98254 0
210030000 700113 1869.295 2668.426 269.62595 0
210030000 700113 1882.257 2637.974 270 0
210030000 700113 1634.378 2770.68 235.53648 0
210030000 700113 1633.226 2752.312 235.51065 0
210030000 700113 1828.778 2654.284 267.5 0
210030000 700113 1617.61 2739.865 235.23938 0
210030000 700113 1776.54 2701.479 270.02255 0
210030000 700113 1877.684 2681.512 269.8578 0
210030000 700113 1866.984 2635.429 270.00787 0
210030000 700113 1651.186 2752.409 233.42612 0
# Crystal
210030000 700116 1615.749 1312.664 100.3335 0
210030000 700116 1905.322 1426.194 99 0
210030000 700116 1605.116 1267.08 99.125 0
210030000 700116 1863.522 1459.234 99.04725 0
210030000 700116 1461.187 1484.474 99 0
210030000 700116 1633.082 1313.302 102.32788 0
210030000 700116 1439.785 1422.814 99.97799 0
210030000 700116 1572.901 1368.388 99.29849 0
210030000 700116 1462.025 1446.527 99.25 0
210030000 700116 1444.864 1358.64 98.984 0
210030000 700116 1480.2706 1522.4268 103.400276 0
210030000 700116 1867.388 1405.807 101.013885 0
210030000 700116 1466.731 1333.232 98.74769 0
210030000 700116 1490.536 1540.181 101.558 0
210030000 700116 1510.694 1576.025 99.5 0
210030000 700116 1885.828 1428.707 100.79947 0
# Dukaki Alarm
210030000 700090 758.9 2473.71 217.38187 0
# Fossil
210030000 700108 1507.51 1618.76 157.29036 0
210030000 700108 1462.66 1557.09 138.13338 0
210030000 700108 1726.41 1284.47 147.18965 0
210030000 700108 1902.586 1637.905 148.6834 0
210030000 700108 1904.6798 1611.8717 149.53056 0
210030000 700108 1914.8047 1495.4799 124.864716 0
210030000 700108 1836.77 1291.53 163.0258 0
210030000 700108 1857.31 1296.81 192.98349 0
210030000 700108 1710.09 1254.3 167.89693 0
210030000 700108 1642.07 1749.25 199.67259 0
210030000 700108 1984.91 1473.81 177.78667 0
210030000 700108 2034.56 1550.97 265.44174 0
210030000 700108 1971.71 1376.94 256.4049 0
210030000 700108 1974.37 1349.26 288.5171 0
210030000 700108 1800.26 1749.53 164.34702 0
210030000 700108 1916.96 1752.31 246.44818 0
# Frillneck Egg  
210030000 700031 1724.6 2186.01 177.3897 0
210030000 700031 1725.06 2186.89 177.37323 0
210030000 700031 1621.86 2155.07 179.33598 0
210030000 700031 1622.54 2156.01 179.62767 0
210030000 700031 1624.73 2101.21 167.20473 0
210030000 700031 1623.99 2101.3 167.36667 0
210030000 700031 1641.55 1950.01 166.35681 0
210030000 700031 1640.55 1950.61 164.62515 0
210030000 700031 1502.9 1969.12 143.0394 0
210030000 700031 1502.02 1968.82 143 0
# Head Of Stone Statue
210030000 700033 1011.9 2614.18 157.58356 0
# Headless Stone Statue
210030000 730000 1021.47 2581.03 171.9725 0
# Illusion Gate
210030000 749017 1653.09 1508.24 119.56 0
210030000 749017 1805.35 2728.17 269.03 0
210030000 749017 2041.09 2414.21 274.08 0
# Incense Burner Of The Crimson D
210030000 700123 1738 2554 154 0
# Item Stack
210030000 700003 893.92 2011.73 166.03 0
# Jewel Box 
210030000 700005 1521.67 1107.13 100.87 0
210030000 700005 1068.8563 1617.7488 100.9843 0
210030000 700005 403.2267 1836.953 156.6283 0
# Krall Supply Box
210030000 700115 1856.22 815.08 142.88 0
210030000 700115 1869.98 828.5 141.97 0
210030000 700115 1875.36 817.17 142.16 0
210030000 700115 1828.01 767.17 142.75 0
210030000 700115 1832.11 756.65 142.75 0
210030000 700115 1939.55 922.47 131.8 0
210030000 700115 1930.75 915.68 130.75 0
210030000 700115 1939.45 902.21 130.75 0
210030000 700115 2008.38 953.48 139.12 0
210030000 700115 2100.38 836.81 147.75 0
210030000 700115 2101.68 819.71 147.75 0
210030000 700115 2120.12 833.02 147.74 0
210030000 700115 2134.48 917.06 140.29 0
210030000 700115 2121.77 930.56 139.5 0
210030000 700115 1904.33 753.61 142.51 0
210030000 700115 1884.68 758.27 142.88 0
210030000 700115 1761.37 967.82 130.25 0
210030000 700115 1819.28 1093.33 125.38 0
210030000 700115 1851.71 1109 125.63 0
210030000 700115 1845.11 1090.76 125.42 0
# Lepharist Treasure Box
210030000 700283 2139.89 661.94 116.87 0
210030000 700283 2139 664.28 105.81 0
210030000 700283 2134.02 646.02 102.86 0
210030000 700283 2130.12 630.08 110.78 0
210030000 700283 2114.95 645.05 100.13 0
210030000 700283 2098.82 627.8 100.13 0
210030000 700283 2125.09 695.96 100.13 0
210030000 700283 2093.86 614.71 122.74 0
210030000 700283 2086.07 597.08 122.63 0
# Mailbox
210030000 700000 1695.07 1473.4 122.83 0
210030000 700000 1257.46 2185.35 151.23 0
# Mysterious Stone
210030000 700006 2024.67 2342.51 265.04 0
210030000 700006 2086.02 2354.26 257.53 0
210030000 700006 2012.54 2391.62 273.49 0
210030000 700006 2142.66 2372.56 257.28 0
210030000 700006 2069.62 2435.43 278.42 0
210030000 700006 1988.18 2478.88 303.81 0
210030000 700006 1991.5 2521.4 288.91 0
210030000 700006 1935.63 2584.28 295.87 0
210030000 700006 2040.51 2596.19 300.72 0
210030000 700006 1987.11 2665.75 295.64 0
210030000 700006 1947.64 2721.87 295.46 0
210030000 700006 2018.38 2302.68 267.27 0
210030000 700006 2100.18 2309.34 249.44 0
210030000 700006 2203.25 2316.63 260.13 0
210030000 700006 2104.71 2189.2 216.14 0
210030000 700006 2100.18 2549.34 197.23622 0
210030000 700006 2142.66 2388.56 260.33545 0
210030000 700006 2100.18 2357.34 257.55377 0
210030000 700006 2086.02 2338.26 257.53 0
210030000 700006 2086.02 2306.26 257.53 0
# Odium Refining Machine
210030000 700038 1854.38 749.72 145.71 0
210030000 700038 2069.89 1122.0035 130.81 0
# Order of the Dukaki Tribe
210030000 700004 645.99 2545.93 226.89 0
210030000 700004 646.16 2652.17 240.88 0
210030000 700004 792.63 2558.74 215.61 0
210030000 700004 651.82 2456.53 226.86 0
210030000 700004 780.12 2639.75 217.87 0
# Small Frillneck Egg
210030000 700032 1724.3 2186.85 177.41953 0
210030000 700032 1724.37 2185.3 177.7129 0
210030000 700032 1622.55 2155.26 179.4757 0
210030000 700032 1621.43 2155.64 179.49748 0
210030000 700032 1623.98 2099.64 167.09212 0
210030000 700032 1624.65 2100.14 1697.09303 0
210030000 700032 1640.29 1949.87 164.85423 0
210030000 700032 1642.18 1950.59 164.61829 0
210030000 700032 1502.95 1968.46 142.8698 0
210030000 700032 1502.58 1969.22 143 0
# Soporific Mushroom
210030000 700114 1230.28 2631.56 204.17 0
210030000 700114 1228.9033 2651.6045 204.32501 0
210030000 700114 1210.4 2658.17 205.27 0
210030000 700114 1220.01 2683.29 203.57 0
210030000 700114 1226.24 2701.89 206.61 0
210030000 700114 1205.65 2705.69 204.12 0
210030000 700114 1215.06 2712.817 205.56 0
210030000 700114 1212.99 2726.83 205.91 0
# Stolen Items of Tolbas Village
210030000 700117 936.8934 2248.498 177.31226 0
210030000 700117 919.0129 2149.165 157.87144 0
210030000 700117 907.6591 2208.674 161.47198 0
210030000 700117 858.34 2099.84 158.23624 0
210030000 700117 905.5088 2114.521 150.625 0
210030000 700117 927.9617 2299.928 178.5024 0
210030000 700117 856.2599 2303.118 192.61827 0
210030000 700117 840.2722 2169.782 165.69022 0
210030000 700117 984.3458 2056.545 174.82402 0
210030000 700117 937.2013 2302.01 178.25 0
210030000 700117 897.7497 2012.661 166.65497 0
210030000 700117 910.338 2241.358 179.375 0
# Suspicious Document
210030000 700009 1154.9812 1857.5603 105.54306 0
# Tursin Tribal Flag
210030000 700037 1868.37 786.71 141.06 0
210030000 700037 1920.42 899.15 130.75 0
210030000 700037 2003.17 855.46 138.39 0
210030000 700037 2098.91 839.16 147.75 0
210030000 700037 2377.9 1089.92 169.75 0
210030000 700037 2248.01 1236.68 162.29 0
210030000 700037 1759.82 1006.36 128 0
210030000 700037 1902.1 1055.35 133.72 0
210030000 700037 1827.49 1087.18 125.38 0
210030000 700037 2192.22 1241.31 164.6 0
210030000 700037 2040.04 963.2 137.88 0
# Vine Pumpkin
210030000 700109 1270.387 1890.247 121.625 0
210030000 700109 1174.924 1715.968 103.059746 0
210030000 700109 1282.931 1888.661 121.3495 0
210030000 700109 1293.793 1890.222 121.64263 0
210030000 700109 1180.508 1732.177 103.21825 0
210030000 700109 1175.658 1734.846 103.171394 0
210030000 700109 1302.017 1918.051 124.12896 0
210030000 700109 1286.556 1878.994 121.34025 0
210030000 700109 1262.778 1882.496 121.524925 0
210030000 700109 1168.086 1724.496 102.291756 0
210030000 700109 1265.344 1925.153 125.041 0
210030000 700109 1297.379 1905.566 123.5 0
210030000 700109 1268.427 1878.661 121.65168 0
210030000 700109 1271.935 1865.151 121.231125 0
210030000 700109 1260.055 1915.67 125.02062 0
210030000 700109 1270.925 1931.821 124.5101 0
210030000 700109 1277.727 1892.801 121.5318 0
210030000 700109 1251.321 1908.558 125.042435 0
210030000 700109 1170.063 1710.498 103.09781 0
210030000 700109 1200.608 1783.599 104.15006 0
210030000 700109 1248.49 1925.96 125.094376 0
210030000 700109 1211.366 1770.837 104.25 0
210030000 700109 1188.702 1766.406 104.224625 0
210030000 700109 1245.073 1895.202 125 0
210030000 700109 1238.284 1884.779 125 0
210030000 700109 1205.265 1763.24 104.25 0
210030000 700109 1239.911 1908.468 125 0
# Verteron Abyss Gate 
210030000 700088 2690.37 1067.99 200.4 50
210030000 700088 1688.3002 1489.0044 239.67612 0