# mapid npcid x z y heading
# Npc spawns by KID
# Fix by Lamo2k123

# Dancing Feather
210020000 204029 2185.2473 2555.4766 360.95294 0
# Dionera
210020000 203991 1778.1188 880.5437 422.99512 0
# Arkel
210020000 203948 1908.4088 2020.7749 362.42764 0
# Demro
210020000 730020 542.7604 2325.8206 216.75752 0
# Machaon
210020000 203918 282.23447 2749.187 270.45584 0
# Korumonerk
210020000 798151 1764.1576 922.8521 423.0 0
# Admeta
210020000 203926 312.98328 2789.023 270.5051 0
# Adelphie
210020000 203927 297.8056 2677.922 267.22418 0
# Magarites
210020000 790006 1942.3762 1991.0768 354.375 0
# Elram
210020000 204041 2415.6018 2729.0696 361.75 0
# Corybantes
210020000 203968 725.584 403.95822 335.80765 0
# Tenemi
210020000 203957 1963.007 2004.2339 361.45255 0
# Harumonerk
210020000 798126 409.34952 1838.173 245.0 0
# Biadri
210020000 730022 405.10693 2708.5078 174.81348 0
# Zelaka
210020000 730023 405.3899 2703.3806 174.58687 0
# Gaia
210020000 203917 268.37003 2730.1533 270.6597 0
# Prorite
210020000 203908 298.58386 2778.732 263.49844 0
# Tran
210020000 203938 339.6069 2733.3335 264.0 0
# Anobi
210020000 798113 1947.7949 2052.5115 362.0 0
# Expelled Kaidan Warrior
210020000 204022 1597.9205 1533.383 317.15363 0
# Aerope
210020000 203949 1951.63 2052.22 362.0 0
# Melaina
210020000 204012 1626.7795 2251.0972 292.9923 0
# Diamonte
210020000 203960 1960.9584 2029.3485 361.725 0
# Noiyus
210020000 790005 1976.477 2026.5338 361.725 0
# Androkles
210020000 203935 303.7726 2756.0322 186.0 0
# Castor
210020000 203965 639.2028 439.98355 332.10617 0
# Actaeon
210020000 203933 1530.3075 517.29663 358.3132 0
# Gorashunerk
210020000 798052 670.14404 476.30603 331.91882 0
# Neornyerk
210020000 798051 673.29865 475.8811 331.91882 0
# Herodes
210020000 203940 936.7754 2220.242 255.0 0
# Alexis
210020000 204007 752.80914 992.68536 284.0 0
# Shumerurk
210020000 798054 1626.9929 2264.6199 293.06552 0
# Expelled Kaidan Warrior
210020000 204022 1561.3905 1552.3081 314.0 0
# Elias
210020000 203958 1897.4298 1978.9966 349.725 0
# Demokritos
210020000 204006 751.0486 996.55237 282.80182 0
# Kalitrates
210020000 204008 766.4066 995.13477 282.87177 0
# Protesias
210020000 203334 323.02908 2789.978 263.4901 0
# Tebersina
210020000 203962 1920.5383 2046.19 363.725 0
# Radamanthys
210020000 203998 175.86156 1220.4016 290.3669 0
# Ando
210020000 203999 175.83333 1217.1204 290.3669 0
# Lemia
210020000 204039 1680.2068 2226.9326 300.1 0
# Nadeia
210020000 203920 342.07053 2723.3418 265.0 0
# Makis
210020000 203942 2014.8298 1392.5873 430.1 0
# Krato
210020000 203923 321.33398 2795.822 263.4901 0
# Iandeus
210020000 203997 794.08954 2482.8018 216.0 0
# Ipetos
210020000 203982 442.21625 424.189 275.0 0
# Ernia
210020000 203944 1525.972 1762.2285 304.3917 0
# Phomona
210020000 203932 401.1457 2704.8833 174.5 0
# Expelled Kaidan Warrior
210020000 204021 1592.7434 1524.9288 316.6134 0
# Shurerinerk
210020000 798046 387.47983 2769.2688 260.2302 0
# Jestina
210020000 203959 1962.9781 1905.2224 350.725 0
# Tuskeos
210020000 203907 283.894 2761.197 263.49844 0
# Daedalus
210020000 203930 386.0 2704.0 265.98907 0
# Penele
210020000 204049 2417.4602 2758.2415 366.0 0
# Brirunyerk
210020000 798055 1144.0 1618.0 270.125 0
# Kyros
210020000 203924 292.31955 2769.1208 272.4496 0
# Atro
210020000 798111 272.28445 2757.8955 263.49844 0
# Girrinerk
210020000 798050 271.10507 2740.1052 263.48523 0
# Leone
210020000 204040 1675.9846 2220.4905 300.1 0
# Oreia
210020000 203954 1873.2863 1948.5393 339.99597 0
# Diomedes
210020000 203900 260.12158 2729.041 270.71103 0
# Taera
210020000 204045 996.48914 2406.7754 253.0 0
# Civil Engineer
210020000 204015 2059.843 2283.972 282.6186 0
# Pavlos
210020000 203914 283.28836 2749.51 263.49844 0
# Berenike
210020000 203953 1867.406 1943.9342 337.79956 0
# Ophelia
210020000 204014 1622.3546 2258.5608 295.0119 0
# Deurone
210020000 203994 2414.4976 2747.7683 363.7792 0
# Mabangtah
210020000 204020 1612.9095 1528.4337 319.99625 0
# Protector Deimos
210020000 203338 284.59235 2746.9075 270.45584 0
# Turiel
210020000 203943 1522.1825 1770.0585 304.4476 0
# Chiyorinrinerk
210020000 798127 1522.9653 1763.9773 305.0 0
# Malonimus
210020000 203904 296.8656 2765.7383 263.52408 0
# Harumonerk
210020000 798126 752.76135 1010.5063 285.0 0
# Navilreas
210020000 203986 688.58997 431.18292 333.0 0
# Telamone
210020000 204048 945.3354 2205.8176 254.0 0
# Onesimus
210020000 203919 344.61356 2725.9763 265.0 0
# Kibelle
210020000 203990 1759.1881 886.09546 422.99512 0
# Siara
210020000 203950 1943.0638 2011.8994 362.0 0
# Civil Engineer
210020000 204015 2279.9365 2551.8481 261.8845 0
# Virdi
210020000 730021 537.6283 2330.6506 216.44774 0
# Kimeia
210020000 203996 178.62769 1218.7136 291.0 0
# Aron
210020000 203969 636.72314 487.26984 332.10022 0
# Heratos
210020000 203987 1059.6407 340.17746 307.48917 0
# Sonirim
210020000 203337 277.94318 2761.4521 270.4558 0
# Novan
210020000 204031 951.16846 2211.8945 254.0 0
# Asclepius
210020000 203946 1909.4243 2015.4579 361.82 0
# Nikias
210020000 203961 1972.7738 1974.8186 358.0 0
# Beramones
210020000 203947 1912.4772 2019.5297 361.49957 0
# Civil Engineer
210020000 204015 2171.8887 2623.032 275.6801 0
# Targatu
210020000 204024 2224.6165 809.798 513.0 0
# Dellome
210020000 790007 1890.3873 1939.367 338.0 0
# Justachys
210020000 203939 948.05774 2203.3599 253.0 0
# Civil Engineer
210020000 204015 1941.0283 2370.1423 278.2088 0
# Valerius
210020000 203903 267.8838 2794.3394 272.66318 0
# Marana
210020000 203983 408.7689 398.04214 275.0 0
# Nomiki
210020000 203951 1965.8293 2039.481 361.625 0
# Expelled Kaidan Warrior
210020000 204021 1594.6935 1534.3478 316.63004 0
# Shaoranyerk
210020000 798049 283.8435 2675.5747 267.22418 0
# Hierni
210020000 204003 1358.5502 2560.4783 280.70016 0
# Aurelius
210020000 203902 264.2987 2789.459 272.66318 0
# Octavia
210020000 203925 290.0362 2670.181 267.25 0
# Archelaos
210020000 203936 307.35233 2759.8958 185.58098 0
# Igorerk
210020000 798102 2258.0789 2408.553 370.0 0
# Chicorinerk
210020000 798048 2494.0 2236.0 290.0 0
# Chicorinerk
210020000 798048 1887.0 2688.0 280.43985 0
# Benos
210020000 203906 284.87518 2779.1868 272.4496 0
# Acaste
210020000 204010 759.94763 979.9711 282.75 0
# Hageni
210020000 204047 312.52792 2793.665 270.5051 0
# Hannet
210020000 790004 1934.6923 2015.0123 361.725 0
# Clio
210020000 203921 259.87112 2738.0798 270.6597 0
# Hebestis
210020000 203910 323.89465 2770.2764 263.49844 0
# Tanis
210020000 204013 1768.1257 895.1352 423.0 0
# Ophelos
210020000 203992 1620.4246 2253.4482 295.0 0
# Teos
210020000 203945 1528.8468 1771.3622 304.0761 0
# Menelohis
210020000 203335 1922.8063 2013.1599 363.0 0
# Gilenia
210020000 203980 669.1141 420.01627 332.49695 0
# Agrips
210020000 203964 1946.1946 2049.2566 361.725 0
# Ramorunerk
210020000 798047 374.0 403.0 41.33752 0
# Ramorunerk
210020000 798047 239.77 94.93 46.889374 0
# Ramorunerk
210020000 798047 233.0 95.0 49.0 0
# Ramorunerk
210020000 798047 102.0 289.0 45.875 0
# Gyabrunerk
210020000 798053 669.609 444.03046 331.75 0
# Sandinas
210020000 204011 748.25745 997.05237 282.80182 0
# Civil Engineer
210020000 204015 2378.92 2544.09 266.0 0
# Axelion
210020000 203967 644.9211 443.26413 331.875 0
# Kobold Cook
210020000 204023 1604.1924 1541.3838 317.8485 0
# Metea
210020000 798112 744.7399 994.4244 284.0 0
# Hegemene
210020000 203929 299.73584 2739.7368 263.49844 0
# Amade
210020000 203952 1976.0319 1927.5239 349.5655 0
# Chiyorinrinerk
210020000 798127 1017.1419 1826.4526 278.0 0
# Lodas
210020000 730019 401.0294 1837.7527 242.90591 0
# Captured Gardugu
210020000 204004 1372.7598 2557.2358 279.0 0
# Laigas
210020000 204042 2409.565 2747.7683 364.5336 0
# Hylas
210020000 203995 2034.5944 1398.6565 430.00485 0
# Trillian
210020000 203966 651.50964 479.241 331.875 0
# Pallas
210020000 203928 310.91055 2762.7883 263.49844 0
# Diokles
210020000 203915 295.37125 2748.5105 270.45584 0
# Hibrion
210020000 203922 320.14236 2796.9878 263.4901 0
# Lano
210020000 203328 174.08241 2803.1243 153.61977 0
# Lakaias
210020000 204032 938.0104 2206.8047 252.94907 0
# Expelled Kaidan Warrior
210020000 204022 1596.4036 1506.6909 317.63226 0
# Zinas
210020000 203956 1941.2302 1965.3572 351.725 0
# Meneus
210020000 203981 445.2067 427.406 275.0 0
# Ferenna
210020000 203931 277.45563 2764.576 263.49844 0
# Zellix
210020000 203955 1938.3529 1974.1941 351.725 0
# Thyestes
210020000 203916 313.6259 2769.4814 270.45584 0
# Magras
210020000 203905 281.51022 2775.0596 272.45383 0
# Axus
210020000 203913 295.63806 2737.8906 263.49844 0
# Garperos
210020000 204000 215.1955 1251.3911 292.0 0
# Expelled Kaidan Warrior
210020000 204022 1601.3112 1526.0986 317.42422 0
# Paion
210020000 203941 2032.5281 1400.7535 429.84723 0
# Griffonix of Fire
210020000 204028 1871.1079 2819.2961 361.125 0
# Dalanius
210020000 203909 310.7095 2781.045 263.49844 0
# Sirink
210020000 203934 1531.4492 520.1155 358.3132 0
# Tyndareus
210020000 203937 314.23624 2793.9656 270.5051 0
# Aeolus
210020000 203989 1760.7906 909.16797 427.81702 0
# Telemachus
210020000 203901 263.41736 2794.2407 272.61414 0
# Esaias
210020000 203993 1656.1431 2245.3093 295.0 0
# Melginie
210020000 204043 828.2667 2610.7576 241.0 0
# Pietas
210020000 203963 1913.0447 2043.6382 361.6847 0
# Seora
210020000 204030 787.6065 2483.8984 216.0 0
# Memnes
210020000 203912 330.4692 2738.737 264.36203 0
# Makarion
210020000 204009 739.1937 984.7329 283.30182 0
# Garerunerk
210020000 798045 386.66 2770.6 259.63953 0
# Laike
210020000 203911 327.5549 2735.5913 264.32 0
# Crios
210020000 798150 1415.3389 1564.215 32.0 0