# mapid npcid x y z heading
# Npc spawns by KID
# Fix by Lamo2k123

# Beluslan

# Skirnir
220040000 204759 2381.814 1335.9684 486.0 0
# Gaamel
220040000 204725 348.85507 314.3342 229.976 0
# Karis
220040000 204708 395.44064 457.70578 225.0 0
# Lifthrasir
220040000 204729 314.0818 276.84134 232.95123 0
# Freyja
220040000 204763 2326.6968 1250.1248 469.99652 0
# Lug
220040000 204779 530.2592 1900.7474 261.995 0
# Rigg
220040000 204717 319.09952 336.0298 230.0 0
# Surviving Hoarfrost Hunter
220040000 204820 2478.3967 2096.15 575.0 0
# Sorgrim
220040000 204803 597.0919 785.623 233.59367 0
# Peredur
220040000 204765 2315.4106 1278.1311 487.99515 0
# Eda
220040000 204724 401.07007 400.9682 223.0 0
# Morwena
220040000 204711 338.6899 334.86966 230.0 0
# Rubelik
220040000 204743 561.8168 1893.6158 261.42307 0
# Reyrinirerk
220040000 798090 530.423 1916.214 261.995 0
# Dewi
220040000 204777 2742.8237 2081.8635 550.0 0
# Delris
220040000 204784 2303.0444 1255.667 506.9985 0
# Magarinerk
220040000 798087 388.61267 244.76926 236.39113 0
# Brok
220040000 204816 2451.0 482.0 400.78717 0
# Ladamantrun
220040000 204742 557.08527 1887.7052 261.995 0
# Eldir
220040000 204825 827.8217 1825.3228 242.54233 0
# Gigrite
220040000 204801 600.81445 801.3081 233.99733 0
# Cadoc
220040000 204778 278.8922 398.92868 237.0 0
# Surviving Hoarfrost Warrior
220040000 204819 2449.2227 2115.745 573.0 0
# Rerua
220040000 790017 554.6597 1907.8951 261.995 0
# Surviving Hoarfrost Hunter
220040000 204820 2475.2732 2100.2234 572.8313 0
# Scoll
220040000 204822 2027.0 238.0 384.0 0
# Lint
220040000 204757 2272.198 1193.3235 469.99817 0
# Hasyaditan
220040000 204795 2413.9482 2073.7053 580.0 0
# Pirate's Treasure Box
220040000 730140 46.135815 2304.8833 228.0 0
# Nari
220040000 204706 408.81546 450.65964 225.0 0
# Borvo
220040000 204752 2390.129 1264.2802 468.00177 0
# Gark
220040000 204811 304.0 1167.0 269.0 0
# Kunbernan
220040000 204747 532.4299 1866.7869 261.995 0
# Morhen
220040000 204744 528.89606 1884.0464 261.995 0
# Huarinrinerk
220040000 798119 1277.3582 834.96606 262.9973 0
# Bestla
220040000 204733 319.65778 376.33453 230.0 0
# Surviving Hoarfrost Warrior
220040000 204819 2443.1245 2074.3362 579.7629 0
# Surviving Hoarfrost Hunter
220040000 204820 2428.7708 2087.3108 579.0 0
# Freki
220040000 204826 1291.574 303.03247 344.6855 0
# Hild
220040000 204827 1290.2322 308.66324 344.54208 0
# Byggvir
220040000 790022 1285.1982 300.98087 344.6887 0
# Rotenan
220040000 204745 548.15607 1894.7056 261.375 0
# Horu
220040000 204734 364.10767 387.0105 305.0 0
# Surviving Hoarfrost Hunter
220040000 204820 2455.4011 2098.0474 575.8562 0
# Baredo
220040000 204770 545.5445 1926.5859 261.995 0
# Loki
220040000 204703 236.0687 366.75357 240.20946 0
# Denarynt
220040000 204741 545.2589 1895.0989 261.995 0
# Jikurunerk
220040000 798092 1908.2603 559.70557 416.00177 0
# Stua
220040000 204809 1447.0 1288.0 248.5 0
# Naironerk
220040000 798091 310.4997 429.19177 232.0 0
# Paeru
220040000 204749 384.20996 287.48917 234.42291 0
# Fafnir
220040000 204722 293.3412 416.4197 232.0 0
# Surviving Hoarfrost Warrior
220040000 204819 2441.4016 2117.0679 573.0 0
# Amma
220040000 204723 369.10696 423.0413 223.0 0
# Pirate's Treasure Box
220040000 730140 52.16461 2289.444 229.0 0
# Regin
220040000 204719 389.11316 354.6702 230.0 0
# Onelr
220040000 204750 2293.1267 1250.565 475.00192 0
# Etun
220040000 790016 1931.2153 486.83466 413.00177 0
# Tristran
220040000 204774 263.69098 313.10022 237.0 0
# Rith
220040000 204782 2274.348 1299.0939 474.99463 0
# Nerthus
220040000 204702 233.77026 364.42804 240.16298 0
# Siegfried
220040000 204799 2303.0254 1249.7832 506.99652 0
# Kamochinicherk
220040000 798094 1893.2089 485.5872 413.00177 0
# Epona
220040000 204764 2305.7947 1231.009 499.00308 0
# Ocho
220040000 204740 578.667 1941.1377 259.995 0
# Hammel
220040000 204800 392.06705 385.99844 212.77234 0
# Nornen
220040000 204713 294.78018 339.71 232.138 0
# Geirod
220040000 204760 1917.8981 478.23636 412.00177 0
# Idraden
220040000 204367 2471.0 2073.0 579.0 0
# Esnu
220040000 204808 573.7869 2693.5386 281.99875 0
# Epa
220040000 204710 317.88306 308.70248 232.0 0
# Surviving Hoarfrost Warrior
220040000 204819 2433.84 2081.06 579.0 0
# Valboner
220040000 204771 490.26794 2223.6333 315.80328 0
# Derin
220040000 204709 326.1291 304.0883 231.04185 0
# Lewin
220040000 204789 295.03543 274.76443 232.95122 0
# Noarynt
220040000 204769 544.36725 1924.2789 261.995 0
# Svafnir
220040000 204817 2427.232 2095.939 577.71716 0
# Gomurinerk
220040000 798093 1910.9066 560.728 416.00177 0
# Protector Snirwuf
220040000 204818 320.0 332.0 230.0 0
# Surviving Hoarfrost Hunter
220040000 204820 2458.3984 2041.6372 591.0 0
# Lethe
220040000 204832 2646.0 2674.0 683.625 0
# Sleipnir
220040000 204768 546.9649 1924.2476 261.995 0
# Zhayorerk
220040000 798117 1267.8291 843.7727 262.9973 0
# Sturluson
220040000 204726 252.92116 408.50604 237.78409 0
# Baba Kun
220040000 204791 2234.7583 1251.617 475.00275 0
# Mukaditan
220040000 204833 1786.0 1829.0 603.8125 0
# Grundt
220040000 204715 299.68344 267.16724 233.0 0
# Art
220040000 204767 2300.412 1315.9305 474.99533 0
# Angwin
220040000 204786 1910.8688 476.83783 412.00177 0
# Auhumla
220040000 204736 546.5599 1892.422 261.995 0
# Yoltmund
220040000 204772 2403.0476 1206.6249 471.00192 0
# Aurvandil
220040000 204731 448.40158 286.6753 232.54056 0
# Nargatal
220040000 204788 2394.0657 1264.9774 468.00027 0
# Pirate's Treasure Box
220040000 730140 49.62 2322.44 231.0 0
# Lapion
220040000 204728 456.1257 342.73816 233.82686 0
# Molota
220040000 204798 2458.2002 2075.1323 578.0 0
# Vonduca
220040000 204776 532.09564 1891.0295 261.995 0
# Mostin
220040000 204783 2289.3918 1219.3584 496.00308 0
# Midheim
220040000 204746 551.45416 1908.8124 261.995 0
# Surviving Hoarfrost Warrior
220040000 204819 2451.7607 2039.0027 591.0 0
# Hod
220040000 204701 234.28783 361.17242 240.20946 0
# Cinnia
220040000 204761 553.0461 1919.2844 261.25 0
# Savrina
220040000 204773 2267.4324 1238.7925 475.00192 0
# Afi
220040000 204721 367.2965 423.66705 222.11166 0
# Mani
220040000 204707 256.60355 358.62494 240.0 0
# Thor
220040000 204700 2300.94 1252.7203 506.9985 0
# Mundilfari
220040000 204730 315.37402 456.48505 233.38947 0
# Guanyerk
220040000 798118 1259.5769 841.09094 262.9973 0
# Pirate's Treasure Box
220040000 730109 53.11685 2324.6663 233.0 0
# Solver
220040000 204365 1900.0741 503.49844 414.0 0
# Pirate's Treasure Box
220040000 730140 37.007126 2314.5251 232.0 0
# Baba Hun
220040000 204792 2267.2183 1306.4236 475.0 0
# Tafi
220040000 204754 1903.9913 488.094 413.00177 0
# Suteken
220040000 204714 362.48016 280.54138 235.0 0
# Methorn
220040000 204758 2318.8599 1137.0509 477.0 0
# Yarl
220040000 204821 2108.0 445.0 383.80338 0
# Elli
220040000 790015 405.71274 350.6454 233.0 0
# Coventina
220040000 204762 554.2071 1921.1923 261.07507 0
# Benyar
220040000 204735 536.876 1892.9443 262.0 0
# Tartu
220040000 204716 372.235 322.6338 230.0 0
# Bowen
220040000 204751 2305.1812 1269.045 490.0 0
# Dristan
220040000 204780 351.5193 421.85675 233.0 0
# Luurinerk
220040000 798131 1263.0 842.0 264.0 0
# Vanargand
220040000 204805 719.8012 1158.4481 254.99516 0
# Karabe
220040000 204748 514.69684 1891.9645 261.995 0
# Kalitan
220040000 204813 2300.6042 1557.2772 504.06378 0
# Kari
220040000 204727 259.3062 410.32404 237.7882 0
# Modi
220040000 204705 391.0572 304.6879 230.76694 0
# Ai
220040000 204720 346.49557 406.14923 233.0 0
# Baugi
220040000 204739 582.5785 1935.1046 257.51654 0
# Betoni
220040000 204775 2444.8 2020.66 593.0 0
# Gylfi
220040000 204718 397.16022 403.07822 223.0 0
# Furiga
220040000 204737 527.7031 1909.0618 261.995 0
# Hefring
220040000 204823 2022.0 150.0 390.83563 0
# Rig
220040000 204704 306.37668 375.96707 237.0 0
# Laksyatil
220040000 204790 2223.3225 1289.3735 474.5 0
# Chieftain Akigatan
220040000 204787 2390.1033 1274.5719 468.0 0
# Boudica
220040000 204756 2359.7234 1244.4294 469.95587 0
# Gwendolin
220040000 204785 1873.891 2238.037 651.0 0
# Agerunerk
220040000 798086 389.7946 245.33972 236.39113 0
# Alfgeir
220040000 204804 592.1704 788.3503 232.9993 0
# Govanon
220040000 204781 308.52606 267.1731 233.0 0
# Kistenian
220040000 204753 1911.6976 485.8836 413.0 0
# Hikan
220040000 204797 2462.7502 2070.9885 578.0 0
# Briana
220040000 204755 1919.7252 488.9588 414.00177 0
# Subera
220040000 204802 601.707 795.7679 233.9993 0
# Angr
220040000 204738 576.6483 1925.6577 260.995 0
# Gnalin
220040000 204732 347.8814 259.99274 235.0 0
# Arita
220040000 204796 2415.7937 2084.2554 581.0 0
# Maponus
220040000 204766 2295.4468 1315.3473 474.996 0
# Obelisk (beluslanFortress)
220040000 700298 318.55362 334.23645 230.49733 5
# Obelisk (besferRefugeeCamp)
220040000 700299 513.99634 1894.1549 261.61157
# Obelisk (redManeCavern)
220040000 700300 2270.379 1191.8386 469.85028 45
# Obelisk (campKistenian)
220040000 700301 1902.7673 504.19073 412.49243 100
# Obelisk (hoarfrostShelter)
220040000 730072 2469.558 2070.5981 577.56683

# NPCs/Objects spawns by Atomix from http://aion.atomixro.com
# Thanks to TheOne & Matej for helping me.
# mapid npcid x y z heading

220040000 730110 2203.19 2923.57 699.81 0

220040000 700293 1867 2239 651 0

220040000 700293 1867.85 2239.18 649.65 0

220040000 730137 576.51 2505.6 289.49 0

220040000 730138 590.76 2534.79 288.42 0

220040000 700336 2415.75 2373.76 562.33 0
220040000 700336 2394.24 2399.54 565.88 0
220040000 700336 2436.35 2379.04 558.64 0
220040000 700336 2406.47 2417.27 566.39 0
220040000 700336 2080.83 2556.54 606.09 0
220040000 700336 2095.06 2582.96 603.63 0
220040000 700336 2066.96 2559.02 604.95 0
220040000 700336 2051.53 2534.48 607.48 0
220040000 700336 2046.64 2547.89 608.96 0
220040000 700336 2042.3 2508.48 608.74 0

220040000 730185 2420.12 2061.31 579.7 0

220040000 700285 362.87 384.2 304.15 0

220040000 730064 333.65 341.68 400.14 0

220040000 700331 652.55 2708.76 128.93 0
220040000 700331 585.79 2738.47 126.88 0
220040000 700331 622.16 2739.06 126.76 0
220040000 700331 634.02 2622.93 126.82 0
220040000 700331 799.51 2651.74 150.99 0
220040000 700331 871.99 2634.84 157.57 0
220040000 700331 904.14 2640.91 158.69 0
220040000 700331 857.11 2670.81 142.66 0
220040000 700331 899.53 2702.22 153.58 0
220040000 700331 777.76 2711.52 130.14 0
220040000 700331 673.51 2643.78 127.46 0
220040000 700331 637.21 2834.07 130.92 0
220040000 700331 666.89 2867.14 134.16 0
220040000 700331 633.02 2910.28 140.17 0
220040000 700331 698.96 2918.11 162.88 0
220040000 700331 815.03 2925 166.38 0
220040000 700331 826.51 2935.47 166.41 0
220040000 700331 805.18 2952.17 167.07 0
220040000 700331 706.56 2960.28 153.21 0
220040000 700331 702.83 2966.22 152.64 0

220040000 700370 1605.27 2729.9 705.34 0

220040000 700324 2729.78 2847.28 695.75 0
220040000 700324 2759.2 2843.46 695.41 0
220040000 700324 2758.54 2841.27 695.43 0
220040000 700324 2767.91 2852.7 695.62 0
220040000 700324 2749.44 2869.51 695.53 0
220040000 700324 2679.44 2941.35 691.61 0
220040000 700324 2682.78 2929.67 691.51 0
220040000 700324 2672.69 2931.81 691.5 0
220040000 700324 2693.51 2935.37 691.5 0
220040000 700324 2711.95 2937.86 691.61 0
220040000 700324 2692.34 2936.67 691.5 0
220040000 700324 2697.34 2944.37 691.58 0

220040000 700290 1872.71 2266.69 651.7 0
220040000 700290 1893.27 2223.59 651.08 0
220040000 700290 1848.86 2236.46 651.14 0

220040000 700328 181.72 1028.7 284 0
220040000 700328 186.76 1064.93 281.34 0
220040000 700328 183.72 1066.34 281.47 0
220040000 700328 157.15 1050.99 285.28 0
220040000 700328 161.16 1060.28 283.14 0
220040000 700328 112.6 1240.35 280.03 0
220040000 700328 114.6 1239.14 280.02 0
220040000 700328 114.6 1249.85 279.63 0
220040000 700328 276.84 1373.54 270.62 0
220040000 700328 277.34 1379.61 270.62 0
220040000 700328 284.04 1379.55 270.62 0
220040000 700328 102.65 1221.72 286.82 0
220040000 700328 303.83 1381.1 270.51 0
220040000 700328 298.76 1385.72 270.62 0
220040000 700328 284.42 1404.62 270.75 0
220040000 700328 283.35 1399.22 270.62 0

220040000 700327 442.03 473.59 220.45 0
220040000 700327 413.8 530.13 220.14 0
220040000 700327 544.44 514.49 216.01 0
220040000 700327 325.25 528.33 219.98 0
220040000 700327 228.38 415.01 249 0
220040000 700327 508.07 278.3 223.64 0
220040000 700327 191.71 347.07 248.09 0
220040000 700327 119.52 321.44 250.98 0
220040000 700327 120.12 298.8 250.02 0
220040000 700327 175.11 237.02 239.68 0
220040000 700327 254.94 170.04 240.76 0
220040000 700327 324.18 159.85 232.02 0
220040000 700327 450.68 153.35 226.3 0

220040000 700512 1140.78 432.85 341.08 0

220040000 700323 2860 147.37 304.46 0
220040000 700329 1687.82 854.49 303.74 0
220040000 700346 2468.02 2847.07 688.63 0
220040000 700345 2738.63 2586.31 657.84 0
# Light of Luck
220040000 700538 588 2685 133 0

220040000 700287 504.84 2212.55 382.92 0

220040000 700330 1345.46 1121.97 184.28 0
220040000 700330 1404.71 1182.48 197.87 0
220040000 700330 1431.22 1146.9 167.78 0
220040000 700330 1417.98 1131.78 145.74 0
220040000 700330 1473.68 1145.73 213.34 0
220040000 700330 1394.2 1095.05 146.44 0
220040000 700330 1484.89 1146.32 165.98 0

220040000 700334 2627.68 557.51 355.25 0
220040000 700334 2600.7 469.93 278.75 0
220040000 700334 2616.34 465.3 279.33 0
220040000 700334 2588.95 433.8 278.92 0
220040000 700334 2707.15 405.38 294.8 0
220040000 700334 2728.28 403.9 294.93 0
220040000 700334 2654.28 363.55 283.77 0
220040000 700334 2642.01 315.15 285.1 0
220040000 700334 2795.45 224.79 291.73 0
220040000 700334 2763.67 119.69 309.64 0
220040000 700334 2594.06 258.51 289.71 0
220040000 700334 2609.62 320.1 283.74 0
220040000 700334 2580.01 322.05 281.25 0
220040000 700334 2554.79 370.04 282.3 0
220040000 700334 2511.35 295.86 292.08 0
220040000 700334 2638.19 196.9 318.57 0

220040000 700332 671.12 2612.15 241.08 0
220040000 700332 699.06 2581.26 285.08 0
220040000 700332 669.02 2616.32 225.34 0
220040000 700332 646.8 2615.04 204.83 0
220040000 700332 576.54 2682.39 282.41 0
220040000 700332 597.04 2608.28 180.55 0
220040000 700332 717.45 2577.64 334.55 0
220040000 700332 747.62 2635.64 206.42 0
220040000 700332 797.03 2622.26 346.94 0
220040000 700332 605.05 2828.56 216.31 0
220040000 700332 816.97 2822.97 291.71 0
220040000 700332 827.33 2817.81 327.91 0
220040000 700332 818.14 2800.28 301.77 0
220040000 700332 590.87 2837.22 281.68 0
220040000 700332 500.6 2757.88 280.06 0
220040000 700332 839.42 2895.08 276.95 0
220040000 700332 440.66 2823.54 346.24 0
220040000 700332 442.94 2835.77 346.19 0
220040000 700332 787.98 2959.83 221.46 0
220040000 700332 786.63 2984.98 222.1 0

220040000 730109 53.11685 2324.666 233 0
220040000 730109 46.13581 2304.883 228 0
220040000 730109 52.16461 2289.444 229 0
220040000 730109 49.62 2322.44 231 0
220040000 730109 37.00713 2314.525 232 0

220040000 700347 964.05 858.82 231.46 0
220040000 700347 986.99 899.99 224.69 0
220040000 700347 1079.39 894.82 210.36 0
220040000 700347 1067.4 922.61 218.27 0
220040000 700347 1096.25 888.96 212.49 0
220040000 700347 1166.35 877.47 217.74 0
220040000 700347 1232.09 778.77 231.61 0
220040000 700347 1252.11 723.51 229.67 0
220040000 700347 1279.28 683.15 243.57 0
220040000 700347 1284.26 604.83 245.62 0
220040000 700347 1261.94 580.84 251.03 0
220040000 700347 1266.07 561.13 253.73 0
220040000 700347 1281.87 526.1 257.62 0
220040000 700347 1242.68 481.2 261.06 0
# Rift
220040000 700137 1367.26 735.73 275.7 0
220040000 700137 225.63 170.78 241.97 0
220040000 700137 2079.16 206.1 383.34 0
220040000 700137 719.65 2245.34 246.01 0

220040000 700359 1654.75 1499.61 333.51 0

220040000 730135 507.21 2208.34 382.92 0

220040000 730108 1415.68 1147.68 237.42 0

220040000 700335 2510.45 1195.72 366.62 0
220040000 700335 2527.85 1261.29 380.36 0
220040000 700335 2543.61 1165.49 368.66 0
220040000 700335 2580.7 1180.74 364.71 0
220040000 700335 2601.94 1241.41 364.04 0
220040000 700335 2684.38 1176.06 372.67 0
220040000 700335 2624.28 1277.67 373.81 0
220040000 700335 2511.32 1300.59 380.95 0
220040000 700335 2612.67 1326.27 384.44 0
220040000 700335 2528.53 1330.45 384.42 0
220040000 700335 2562.35 1357.01 385.76 0
220040000 700335 2619.22 1363.3 392.81 0
220040000 700335 2570.81 1393.31 397.47 0
220040000 700335 2604.09 1377.46 395.12 0
220040000 700335 2712.9 1238.95 374.75 0

220040000 730055 1732.37 1722.95 572.62 0

220040000 700284 367.37 330.06 229.68 0
220040000 700284 320 358 229.68 0
220040000 700284 378 373 229.68 0
220040000 700284 351.5 388.33 229.68 0
220040000 700284 335 329 229.68 0

220040000 700333 2224.14 1667.9 523.59 0
220040000 700333 2244.49 1699.83 525.46 0
220040000 700333 2387.2 1721.25 548.5 0
220040000 700333 1957.13 1634.12 554.8 0
220040000 700333 1876.3 1714.86 561.18 0
220040000 700333 1845.55 1616.07 562.25 0
220040000 700333 2143.22 2041.7 578.62 0
# Mailbox
220040000 700000 329.12 303.09 231.04 0
220040000 700000 2246.26 1275.25 473.93 0
220040000 700000 515.94 1896.13 261.25 0
# Beluslan Abyss Gate (no data yet)