# mapid npcid x y z heading
# Npc spawns by KID
# Fix by Lamo2k123

# Brusthonin

# Noe
220050000 205129 2920.958 2428.008 15.306137 42
# Randet
220050000 205128 2920.5945 2426.176 15.048157 45
# Dehen
220050000 205131 2892.5105 2444.5334 17.25 15
# Klokka
220050000 205125 2927.9404 2408.451 15.0 39
# Tusen
220050000 205124 2916.6401 2415.5159 15.245249 22
# Blume
220050000 205120 2937.0046 2426.0222 15.506943 58
# Lugo
220050000 730103 2533.0 2313.0 16.3125 2
# Archon Sentinel
220050000 205140 1985.2228 1928.4219 25.201424 16
# Vidohunir
220050000 205142 1961.2681 2452.9004 11.387238 116
# Virhu
220050000 730104 2021.8462 2252.968 22.0 86
# Vehova
220050000 205123 2928.378 2434.2346 16.668991 72
# Kunne
220050000 205134 2887.62 2447.1355 17.375 18
# Veien
220050000 205135 2895.4739 2463.2705 17.11229 90
# Parica
220050000 205141 1764.7834 2310.1516 11.566559 16
# Snill
220050000 205133 2914.5498 2438.8213 16.034363 46
# Asmodian Worker's Corpse
220050000 730107 2536.2544 1726.113 23.5932 84
# Dettil
220050000 205132 2910.7283 2435.66 15.829483 45
# Tala
220050000 205127 2922.8398 2428.1196 15.567444 47
# Parica
220050000 205141 1982.323 1935.6166 25.101036 11
# Dunkel
220050000 205122 2934.267 2417.5964 14.875 54
# Jarnsaxa
220050000 205121 2928.4934 2416.5078 15.093414 47
# Archon Sentinel
220050000 205140 1763.4475 2315.6123 11.308762 21
# Vitda
220050000 205126 2923.9775 2424.6384 15.125 46
# Obelisk (settlersCampsite)
220050000 700258 2929.0583 2432.0798 17.00346 70
# Obelisk (baltasarHillVillage)
220050000 700259 1387.059 2025.4006 51.843422
# Obelisk (buBuVillage)
220050000 700260 443.3006 853.76495 75.33362

# NPCs/Objects spawns by Atomix from http://aion.atomixro.com
# Thanks to TheOne & Matej for helping me.
# Fix by dejavou & cleaned by Atomix.
# mapid npcid x y z heading

# Angeiya
220050000 205209 1242.52 2637.42 95.56693 11
# Asustri
220050000 205204 864.2107 633.2987 67.97583 7
# Banes
220050000 205146 1297.1447 2012.3213 46.846592 111
# Barche
220050000 205213 1321.05 2608.35 95.632614 56
# Bern
220050000 205162 1412.6018 2040.0823 52.58089 61
# Bert
220050000 205214 1312.78 2593.04 95.6 61
# Bielia
220050000 205151 1399.1127 1907.6836 48.247246 25
# Billeten
220050000 205145 1414.34 2014.242 51.668358 57
# Birgia
220050000 205148 1305.7 1998.917 46.25 107
# Bonarunerk
220050000 205181 462.6866 878.0801 76.25 86
# Bran
220050000 205173 445.9009 852.4988 75.0 21
# BuBu Chan
220050000 205197 79.01057 1060.589 139.375 101
# BuBu Chap
220050000 205171 447.2138 886.5577 78.321686 93
# BuBu Chi
220050000 205202 404.6688 1750.446 305.93073 113
# BuBu Don
220050000 205165 433.4493 780.8697 63.199295 16
# BuBu Jin
220050000 205166 404.2872 763.0383 58.67885 27
# BuBu Jo
220050000 205170 478.4066 841.869 75.65041 44
# BuBu Khaaan
220050000 205164 481.3426 898.1279 76.25 84
# BuBu Lin
220050000 205179 476.4756 800.9914 70.311966 47
# BuBu Mep
220050000 205172 421.8461 835.3343 68.875 102
# BuBu Paan
220050000 205180 459.8961 770.685 63.242973 44
# BuBu Resident
220050000 205168 417.75 785.75 61.265625 69
220050000 205168 417.25 784.25 60.890625 88
220050000 205168 426.75 756.84 62.133137 4
220050000 205168 417.75 786.75 61.453125 56
220050000 205168 411.79 768.59 58.752495 51
220050000 205168 416.25 789.25 61.546875 43
220050000 205168 401.25 757.75 58.86 59
220050000 205168 416.25 770.25 58.828125 8
220050000 205168 401.61 768.04 58.75 28
220050000 205168 398.25 795.25 58.640625 65
220050000 205168 423.75 769.75 61.0 74
220050000 205168 386.75 771.25 58.46875 6
220050000 205168 410.24 763.71 58.955 1
220050000 205168 425.75 763.75 62.453125 102
220050000 205168 402.25 753.75 58.734375 29
220050000 205168 394.25 793.75 58.671875 49
220050000 205168 385.75 779.75 58.546875 119
220050000 205168 385.88 784.65 58.6325 4
220050000 205168 409.75 746.75 58.875 21
220050000 205168 409.0 776.17 58.8125 59
# BuBu Taan
220050000 205167 404.5401 781.552 58.72627 60
# Cayron
220050000 205198 472.8864 1647.091 219.875 34
# Chourunerk
220050000 205223 1335.7247 2038.7267 46.8004 97
# Duryodana
220050000 205195 1268.448 1075.061 49.308685 25
# Erna
220050000 205210 1275.1 2662.44 95.5916 90
# Ervin
220050000 205156 1397.886 1958.787 44.466248 64
# Fadinar
220050000 205193 1274.997 1081.46 49.436928 40
# Flazetta
220050000 205185 517.8292 863.9831 76.145294 80
# Forseti
220050000 205186 515.9061 865.4335 76.66138 76
# Groznak's Skull
220050000 730155 1076.378 2730.454 124.17701 11
# Guenon
220050000 205226 2310.395 170.67787 246.44734 61
# Harne
220050000 205200 471.8657 1652.764 219.875 26
# Heavy Bukmir
220050000 730152 422.2942 901.7137 73.82306 73
# Heintz
220050000 205155 1363.682 1976.358 42.625 73
# Heirnir
220050000 205187 978.0 2265.0 87.0625 111
# Helmut
220050000 205157 1293.808 1908.577 51.25 7
# Hilebard
220050000 205178 436.934 838.3608 68.875 79
# Hjuki
220050000 205221 1322.033 2024.059 45.125 107
# Holekk
220050000 205158 1353.93 1901.861 46.125 35
# Hort
220050000 205143 1410.7035 2046.1313 52.61644 81
# Hristi
220050000 205205 859.8797 636.7714 68.0 6
# Huvat
220050000 205161 1401.6986 2039.3903 52.58089 108
# Jackdaw
220050000 205203 516.1452 468.5562 6.8220863 14
# Jadorunerk
220050000 205218 391.6197 2277.872 329.5631 105
220050000 205218 784.8708 1014.646 45.834625 50
# Krodos
220050000 205201 478.3309 1645.261 219.875 20
# Levinard
220050000 798373 969.2115 2417.284 104.44804 53
# Lidimtas
220050000 205199 468.838 1643.58 219.875 26
# Lukmann
220050000 205225 2310.4917 168.56853 246.44734 62
# Mobirunerk
220050000 205219 1334.386 2038.0662 46.804947 96
# Nagel
220050000 205160 1404.6962 2044.4592 52.58089 104
# Needham
220050000 798371 2819.148 1716.668 11.796265 116
# Neligor
220050000 205159 1428.385 1998.509 49.99225 35
# Phyper
220050000 798300 1297.792 1941.168 51.125 117
# Pogel
220050000 205184 513.4352 835.675 75.875 47
# Reaper Squaddie
220050000 205153 1328.8193 1917.6246 45.546043 78
220050000 205153 1393.29 2011.344 51.5 77
220050000 205153 1272.417 1824.703 45.508186 68
220050000 205153 1243.947 2001.778 53.409378 1
220050000 205153 1393.257 2024.141 51.5 80
220050000 205153 1256.771 1829.608 45.100502 111
220050000 205153 1394.94 1921.473 48.138145 38
220050000 205153 1400.06 2020.163 51.496246 84
220050000 205153 1306.77 1979.64 46.201874 5
220050000 205153 1370.127 2014.681 47.34037 68
220050000 205153 1391.017 1918.448 48.138145 50
220050000 205153 1368.417 1972.487 42.625 78
220050000 205153 1222.421 2031.232 51.25 27
220050000 205153 1228.453 2034.123 51.36731 48
220050000 205153 1409.4414 2034.9326 52.580894 61
220050000 205153 1326.407 1982.794 43.24907 106
220050000 205153 1311.61 1935.496 51.180878 14
# Runaway Saam
220050000 205169 414.25 785.75 60.515625 55
220050000 205169 415.57 767.84 58.705624 46
220050000 205169 405.7914 756.2128 58.96061 12
220050000 205169 401.25 761.75 58.859375 17
220050000 205169 413.25 781.25 59.640625 60
220050000 205169 402.37 768.8 58.73 31
220050000 205169 402.25 757.75 58.953125 30
220050000 205169 391.75 790.75 58.953125 61
220050000 205169 423.05 750.02 58.63 46
220050000 205169 424.25 762.75 61.359375 47
220050000 205169 414.25 784.25 60.234375 72
220050000 205169 425.44 757.47 61.46 47
220050000 205169 414.11 790.14 61.18 46
220050000 205169 389.75 789.25 58.671875 95
220050000 205169 399.75 757.25 58.640625 41
220050000 205169 411.1 779.49 59.2 55
220050000 205169 390.25 767.75 58.671875 21
220050000 205169 408.25 750.25 58.671875 31
220050000 205169 416.12158 767.7238 58.66352 31
220050000 205169 424.07 766.17 61.168755 61
# Sahnu
220050000 205192 1505.136 963.6873 36.125 21
# Sandvika
220050000 205147 1284.6157 1928.5999 51.66002 0
# Sarkad
220050000 205196 1274.132 1073.391 49.274742 106
# Senere
220050000 205144 1385.098 2024.046 51.5 97
# Seznec
220050000 205190 1039.0 2906.0 153.0 97
# Sigma
220050000 205183 511.1374 835.139 75.875 43
# Sirh
220050000 205212 1314.2211 2645.4312 95.52203 74
# Sjazi
220050000 205149 1303.222 1949.402 51.125 107
# Skald
220050000 205182 461.2596 804.3664 70.375 19
# Skurv Guard
220050000 205175 420.6776 893.6223 74.25691 35
220050000 205175 435.4469 868.8834 76.625 36
220050000 205175 453.3034 804.7512 70.25342 58
220050000 205175 416.733 903.711 73.21663 67
220050000 205175 451.9431 843.3801 74.9577 38
220050000 205175 366.56888 830.88464 53.771626 87
220050000 205175 382.6839 820.7652 55.09888 61
220050000 205175 413.0148 804.9451 63.258057 33
220050000 205175 490.4746 885.1696 77.038124 85
220050000 205175 373.4322 795.2084 66.86209 38
220050000 205175 470.9882 886.0319 76.25 85
220050000 205175 407.6838 893.3245 74.20839 34
220050000 205175 412.5254 819.3306 63.405186 88
220050000 205175 368.8621 813.0082 51.795773 35
# Sridi
220050000 205152 1403.599 1910.7291 48.247246 56
# Surdi
220050000 205208 1254.63 2588.33 95.92552 13
# Surt
220050000 205150 1402.366 1907.9933 48.200768 42
# Suttung
220050000 205220 1321.919 2021.918 45.125 0
# Svan
220050000 205174 528.4921 848.13 76.08503 77
# Theia
220050000 205188 1283.843 2588.772 95.1748 92
# Ullur
220050000 205207 2916.089 2419.295 15.24525 33
# Valdomus
220050000 205194 1266.855 1081.081 49.25 52
# Vilmar
220050000 205177 507.1956 877.7239 80.15802 72
# Vinduer
220050000 205130 2898.32 2455.8 16.854996 64
# Vorena
220050000 205189 1285.62 2570.291 95.12836 89
220050000 205189 1266.438 2664.417 94.75 89
# Abandoned Heap of Ore
220050000 700451 730.25 2439.32 105.3531 10
220050000 700451 651.17 2453.1 108.20874 9
220050000 700451 682.31 2545.5 101.43437 119
220050000 700451 665.33 2492.13 100.01877 20
220050000 700451 666.75 2454.5 101.890625 34
220050000 700451 697.49 2517.18 98.67937 106
220050000 700451 844.86 2536.56 94.0 82
220050000 700451 677.98 2514.21 102.32 105
220050000 700451 866.76 2540.27 100.36188 97
220050000 700451 708.67 2530.21 97.8519 7
220050000 700451 855.94 2611.41 127.23811 78
220050000 700451 826.45 2603.72 112.686874 105
220050000 700451 753.96 2412.02 103.64249 10
220050000 700451 661.53 2466.7 102.286865 114
220050000 700451 690.15 2547.92 97.1 119
220050000 700451 670.97 2474.11 99.35811 114
220050000 700451 672.79 2449.97 102.69 27
220050000 700451 813.45 2556.27 98.196884 69
220050000 700451 666.99 2508.96 102.561874 105
220050000 700451 701.35 2454.81 101.65936 27
# Adma Stronghold Entrance
220050000 730165 2345.68 160.37 246.45 60
# Adma Stronghold Secret Passage
220050000 730151 1840.48 887.51 59.108303 32
# Angeiya's Tombstone
220050000 730158 1242.52 2637.42 95.56693 110
# Barche's Tombstone
220050000 730162 1321.05 2608.35 95.632614 54
# Bert's Tombstone
220050000 730163 1312.78 2593.04 95.59516 45
# Book of Brohum
220050000 730174 806.42 2970.94 274.34937 99
# Bouquet
220050000 700215 1169.0 2321.0 70.25 99
# Brohum Fur Ball
220050000 700386 442.02 2916.85 246.63 87
220050000 700386 583.82 2961.41 250.875 1
220050000 700386 855.43 2892.75 274.0 68
220050000 700386 826.36 2957.0 274.0 84
220050000 700386 708.72 2853.17 257.375 18
220050000 700386 577.12 2935.5 249.41501 8
220050000 700386 876.01 2812.44 268.03 68
220050000 700386 800.55 2958.91 273.88 111
220050000 700386 399.98 2929.59 246.65187 102
220050000 700386 480.28 2709.86 265.125 16
220050000 700386 787.72 2913.15 273.88 111
220050000 700386 422.74 2928.14 246.625 87
220050000 700386 536.37 2755.73 277.1931 102
220050000 700386 456.29 2744.31 265.125 10
220050000 700386 445.74 2763.73 265.125 0
220050000 700386 600.6 2975.95 251.675 98
220050000 700386 622.61 2972.62 249.92375 94
220050000 700386 469.14 2727.51 265.125 28
220050000 700386 377.68 2922.04 246.2575 110
# BuBu Chap's Treasure Box
220050000 700384 710.85 1519.14 36.80375 112
# Clotted Contaminant
220050000 700383 1610.81 1236.82 36.43 0
220050000 700383 1306.63 1549.48 36.38 0
220050000 700383 1466.32 1267.92 36.25 0
220050000 700383 1015.57 1520.7 36.125 0
220050000 700383 1328.72 1267.46 36.25 0
220050000 700383 1379.09 1357.76 36.38 0
220050000 700383 1479.58 1162.44 36.25 0
220050000 700383 1383.08 1446.54 36.25 0
220050000 700383 1177.15 1322.87 36.25 0
220050000 700383 1318.58 1454.6 36.26 0
220050000 700383 1240.92 1431.29 36.317497 0
220050000 700383 1579.93 1307.5 36.25 0
220050000 700383 1577.26 1187.04 36.38 0
220050000 700383 1140.29 1751.72 36.25 0
220050000 700383 1388.17 1653.61 36.37 0
220050000 700383 1205.46 1196.38 36.4 0
220050000 700383 984.69 1473.86 36.24125 0
220050000 700383 1293.87 1682.69 36.38 0
220050000 700383 1155.38 1687.48 36.25 0
220050000 700383 1098.42 1478.27 36.25 0
# Corpse in the Stone Coffin
220050000 700342 1877.08 2603.38 38.57016 28
220050000 700342 1849.1 2595.85 37.988194 0
220050000 700342 1853.39 2609.4 41.347782 32
# Dug-up Grave
220050000 700394 1240.94 2599.52 95.36689 8
# Earth Mound
220050000 700340 2445.334 2378.27 16.874878 0
220050000 700340 2662.182 2196.501 17.545471 0
220050000 700340 2731.245 2008.575 23.355606 0
220050000 700340 2557.708 2164.262 18.145126 0
220050000 700340 2507.019 2426.824 22.75 0
220050000 700340 2399.4 2404.757 16.362518 0
220050000 700340 2537.134 2306.796 15.491241 0
220050000 700340 2578.346 2086.77 21.620117 0
220050000 700340 2648.385 1998.221 20.539001 0
220050000 700340 2484.156 2359.805 16.8945 0
220050000 700340 2583.6 2113.854 21.73413 0
220050000 700340 2588.388 2168.069 18.317871 0
220050000 700340 2738.198 2124.758 28.102371 0
220050000 700340 2740.475 2157.432 25.404694 0
220050000 700340 2794.975 2158.284 28.674423 0
220050000 700340 2404.391 2411.246 16.29889 0
220050000 700340 2617.347 2379.66 26.877548 0
220050000 700340 2623.259 2057.978 23.96762 0
220050000 700340 2568.899 2361.011 18.056183 0
220050000 700340 2677.204 2006.029 20.602585 0
220050000 700340 2620.829 2223.258 17.52501 0
220050000 700340 2690.563 2076.802 22.789688 0
220050000 700340 2722.051 2211.196 20.53749 0
220050000 700340 2555.555 2418.76 22.7025 0
220050000 700340 2614.997 2432.051 27.25 0
# Erna's Tombstone
220050000 730159 1275.28 2662.27 95.590195 93
# Faded Letter
220050000 730139 2295.54 2185.99 39.685486 62
# First Streetlight
220050000 700428 1215.94 1602.94 45.32 43
# Genta's Tombstone
220050000 730160 1297.39 2658.71 95.84 86
# Green Pouch of Herbs
220050000 700431 1025.19 2605.74 109.315 20
# Intact Skeleton
220050000 700381 1168.3364 2407.016 75.16256 44
# Light of Luck
220050000 700538 610.656 1283.159 66.39812 48
220050000 700538 2797.251 2777.75 6.952759 48
220050000 700538 2103.127 459.2388 200.42258 71
220050000 700538 181.0764 1303.051 129.375 48
220050000 700538 143.0 2441.0 82.125 100
# Muddy Skeleton
220050000 700382 1083.227 2400.2222 81.26032 51
# Old Wooden Box
220050000 700395 1813.98 884.0 58.85354 51
# Postaro's Tomb
220050000 700379 1168.76 2321.34 70.25 56
# Red pouch of Herbs
220050000 700430 1046.56 2768.65 128.72517 111
# Second Streetlight
220050000 700427 1137.57 1320.04 38.52688 81
# Sirh's Tombstone
220050000 730161 1314.18 2645.35 95.521645 68
# Sticky Web
220050000 700387 1027.7552 2610.4797 109.218 13
220050000 700387 1500.67 2594.44 83.98752 70
220050000 700387 1177.0062 2274.7593 68.58834 27
220050000 700387 1157.11 2271.83 70.15373 53
220050000 700387 1029.36 2595.68 111.46198 13
220050000 700387 1153.52 2247.5 70.618744 69
# Sudri's Tombstone
220050000 730156 1254.63 2588.33 95.92552 16
# Third Streetlight
220050000 700429 1211.17 1133.22 42.87812 16
# Villaire's Tombstone
220050000 730157 1244.77 2602.03 95.04 7
# Virkel's Tombstone
220050000 730164 1281.27 2617.32 97.69546 94
# Weathered Skeleton
220050000 700380 1047.7991 2497.6392 92.30711 89
# Wild Frightcorn
220050000 700341 2063.899 2098.328 27.25 3
220050000 700341 1947.346 2365.575 16.75 49
220050000 700341 2034.656 2265.132 21.832 49
220050000 700341 1923.935 2594.742 38.875 3
220050000 700341 2057.891 2092.667 27.15982 49
220050000 700341 2049.138 2136.242 24.821121 3
220050000 700341 1977.063 2494.055 18.131866 3
220050000 700341 1953.842 2601.564 39.14238 86
220050000 700341 2060.506 2139.773 24.89244 3
220050000 700341 2024.544 2295.217 18.006866 3
220050000 700341 1843.577 2524.459 24.793442 23
220050000 700341 1825.071 2542.526 24.56694 3
220050000 700341 1878.112 2551.903 29.625 49
220050000 700341 2032.823 2506.931 23.756744 49
220050000 700341 2049.356 2513.818 23.875 49
220050000 700341 1869.5 2319.254 19.625 49
220050000 700341 2011.167 2330.905 13.729126 49
220050000 700341 1928.751 2470.303 17.25 48
220050000 700341 1898.242 2495.819 17.25 49
220050000 700341 1910.916 2270.323 15.280685 49
220050000 700341 1897.606 2537.922 29.485107 3
220050000 700341 1958.008 2576.74 39.375 3
220050000 700341 1960.005 2527.902 25.624062 3
220050000 700341 1874.791 2429.263 13.822754 3
220050000 700341 1988.2 2491.021 18.512497 86
220050000 700341 2011.346 2264.109 22.0 3
220050000 700341 2027.688 2237.948 22.0 49
220050000 700341 1924.868 2488.989 17.186813 49
220050000 700341 1853.256 2489.724 18.17424 3
220050000 700341 1875.321 2338.28 19.625 3
220050000 700341 1935.281 2262.717 15.0 49
220050000 700341 1817.73 2515.438 24.625 3
220050000 700341 1935.785 2370.727 16.70456 3
220050000 700341 1833.227 2472.472 18.674423 49
220050000 700341 1847.812 2428.445 14.448685 3
# Wild Ginseng
220050000 700385 160.84 1696.95 272.52625 14
220050000 700385 465.55 2212.88 298.735 115
220050000 700385 569.8 2080.94 275.94626 87
220050000 700385 507.01 1858.25 257.73438 115
220050000 700385 666.55 1982.24 282.49564 103
220050000 700385 241.8 1739.36 276.5875 39
220050000 700385 337.02 1883.95 257.0094 70
220050000 700385 159.16 1907.65 268.75 1
220050000 700385 181.99 1672.85 268.05374 25
220050000 700385 624.17 1709.77 261.09 37
220050000 700385 582.24 1711.54 264.15375 37
220050000 700385 672.48 1839.42 259.14 37
220050000 700385 702.32 1908.62 289.315 52
220050000 700385 667.4 1731.98 257.85 37
220050000 700385 150.15 1753.82 268.66812 31
220050000 700385 398.57 1770.95 299.08374 37
220050000 700385 590.92 1779.33 259.17 37
220050000 700385 613.55 1750.64 257.17 37
220050000 700385 686.48 1825.17 260.75 37
220050000 700385 272.33 1977.43 255.62251 70
# Yellow Pouch of Herbs
220050000 700432 1175.25 2272.8 69.075 20
# Mailbox 
220050000 700000 487.95 883.99 76.87 82
220050000 700000 1403.0 2020.79 51.375 82
220050000 700000 2915.01 2438.98 16.063126 45