# mapid npcid x y z heading
# Npc spawns by KID
# Fix by Lamo2k123

# Morheim

# Chicorerk
220020000 798106 2672.0 2501.0 142.85892 0
# Vetrano
220020000 790013 2543.9539 1790.3103 96.0 0
# Meuw
220020000 204436 335.01 2287.83 465.0 0
# Ananta
220020000 204387 2246.4224 1466.9631 126.75 0
# Protector Einbil
220020000 204434 268.08762 2340.4612 444.0 0
# Angrboda
220020000 204366 2791.6292 1100.8915 172.0 0
# Anund
220020000 204317 189.0 2340.0 457.0 0
# Kuriuta
220020000 204400 2257.8503 1509.7875 122.0 0
# Spedor
220020000 204336 736.0 2214.0 334.5 0
# Mirmak
220020000 204350 2367.033 1861.5243 100.0 0
# Nabaru
220020000 730038 930.77094 2826.6594 232.0 0
# Sigen
220020000 204427 2371.6328 1726.7565 103.38857 0
# Securis
220020000 204353 2535.0662 1736.4958 89.0 0
# Hugorunerk
220020000 798078 372.40088 2403.6172 452.97058 0
# Yornduf
220020000 204319 311.83 2271.25 449.41266 0
# Meaw
220020000 204437 370.98 2402.43 462.0 0
# Grander
220020000 204334 632.7697 900.66187 361.5 0
# Karina
220020000 204341 2395.4456 1798.9342 101.5 0
# Roya
220020000 204359 2370.623 1711.8566 103.38857 0
# Liurerk
220020000 798109 1775.7488 1664.1016 198.0 0
# Kikananta
220020000 204414 2582.39 400.71 214.21 0
# Unar
220020000 204316 176.73788 2329.688 457.0 0
# Kogita
220020000 204413 2570.44 360.92 218.5 0
# Bubu Kong
220020000 204390 2254.6433 1454.876 127.030045 0
# Thurnberg
220020000 204312 298.1249 2292.872 450.0 0
# Virashak
220020000 204348 2493.0 1713.0 90.1875 0
# Virashak
220020000 204348 2488.7197 1795.9559 96.0 0
# Baba Tik
220020000 204397 1507.1407 2804.3252 363.47968 0
# Ganimerk
220020000 798114 2662.1362 799.7624 248.27118 0
# Aktum
220020000 204346 2384.2183 1752.0422 103.0 0
# Falkor
220020000 204311 238.36981 2369.1042 450.0 0
# Frenai
220020000 204324 361.13058 2368.0205 448.0 0
# Morian
220020000 204371 204.0 2305.0 450.55573 0
# Golenthor
220020000 204318 269.41895 2337.6477 444.0 0
# Keindor
220020000 730037 926.0761 2848.9229 232.0 0
# Jorund
220020000 204332 636.3186 914.6473 360.5199 0
# Gelundorf
220020000 204330 639.2984 924.208 361.0 0
# Igraine
220020000 204347 2522.29 1703.93 92.04063 0
# Igraine
220020000 204347 2479.4648 1801.015 95.654686 0
# Baba Tak
220020000 204396 1507.1827 2802.8738 363.5 0
# Seqilund
220020000 204331 643.96106 920.0 361.0 0
# Halfdan
220020000 204315 320.58093 2304.4917 453.21286 0
# Yilli
220020000 204305 236.66444 2404.6995 455.0 0
# Audumlea
220020000 204307 301.96893 2158.2285 460.0 0
# Vili
220020000 204304 228.22406 2416.7036 454.15567 0
# Hermod
220020000 204373 682.5734 1144.3873 285.0 0
# Gundalfun
220020000 790020 1084.809 2486.4536 239.25 0
# Choirinererk
220020000 798110 1778.9197 1671.5417 198.0 0
# Nina
220020000 204303 225.33913 2412.2996 454.15567 0
# Temoji
220020000 204402 2787.9849 478.9313 267.0 0
# Orashunerk
220020000 798084 639.0 914.0 361.0 0
# Frahnir
220020000 204431 2452.3745 1840.5879 93.67202 0
# Asgeirr
220020000 204309 250.45169 2331.4011 447.0 0
# Favyr
220020000 204378 848.19476 2216.4578 337.0 0
# Dukar
220020000 204429 2397.3762 1808.1284 102.0 0
# Kimssi
220020000 204393 1509.8824 2802.8433 363.54535 0
# Pararinirerk
220020000 798081 347.33847 2316.3062 452.21634 0
# Valumcus
220020000 790012 2478.8157 1806.2197 95.65601 0
# Bergthora
220020000 204328 274.0 2262.0 447.46188 0
# Modgud
220020000 204380 2354.9724 2220.2754 125.91287 0
# Tofa
220020000 204329 629.9229 917.4678 361.0 0
# Deputy Lamipedon
220020000 212649 1144.6188 910.7161 383.0 0
# Marita
220020000 204384 2802.1628 1102.7994 172.0 0
# Cabon
220020000 204356 2522.0 1811.0 97.0 0
# Peder
220020000 204385 1781.2538 1670.5706 198.0 0
# Feimdal
220020000 204323 266.0 2358.0 446.0 0
# Bulagan
220020000 204408 1728.0 1120.0 207.5 0
# Verbern
220020000 204322 294.53903 2441.4512 455.03284 0
# Muir
220020000 204422 2401.8518 1802.3339 102.0 0
# Knutr
220020000 204313 300.7608 2271.2434 448.6631 0
# Bolverk
220020000 204300 217.54495 2325.5725 446.3672 0
# Magorinerk
220020000 798077 372.83148 2402.2974 452.97058 0
# Contineo
220020000 204352 2410.1384 1888.1726 91.0 0
# Mothir
220020000 204381 2349.4377 2231.6755 128.0 0
# Adhis
220020000 204344 2457.038 1767.0385 92.0 0
# Baba Ring
220020000 204394 1509.5741 2801.0159 363.5 0
# Grammati
220020000 790011 2451.7585 1845.1176 93.67202 0
# Sararinirerk
220020000 798080 1895.0 1374.0 146.625 0
# Chaomirk
220020000 798115 2679.3584 817.45966 246.00633 0
# Balom
220020000 204355 2397.3213 1809.759 102.0 0
# Medea
220020000 204424 687.0838 2685.4263 317.86053 0
# Kistig
220020000 204433 897.90765 2948.1443 278.0 0
# Chieftain Chaikata
220020000 204388 2245.7815 1472.0803 126.50864 0
# Ipoderr
220020000 204325 334.28522 2361.8813 445.00003 0
# Asmundr
220020000 204310 292.9529 2158.0657 460.0 0
# Aprily
220020000 204335 630.14325 921.5439 361.0 0
# Baba Pung
220020000 204395 1508.0212 2801.3767 363.46237 0
# Mirka
220020000 204342 2402.612 1720.3293 103.0 0
# Mael
220020000 204430 292.2778 2432.5903 456.0 0
# Logmar
220020000 204314 293.29382 2272.3628 449.0 0
# Sepor
220020000 204421 2503.3875 1804.1805 97.0 0
# Arnkell
220020000 204321 290.68652 2446.2346 455.09045 0
# Embla
220020000 204339 1781.2015 1665.247 198.0 0
# Sora
220020000 204382 1097.0 2484.0 242.0 0
# Gullveig
220020000 204364 2788.322 1109.0422 172.0 0
# Taisan
220020000 204403 2792.7139 480.63004 267.0 0
# Hapenill
220020000 204326 339.27844 2332.258 453.0 0
# Bubu Pat
220020000 204401 2354.2927 1467.6642 120.268295 0
# Baroshunerk
220020000 798083 2590.0 1724.0 94.0 0
# Sveinn
220020000 204327 338.24628 2265.8994 454.0 0
# Gangleri
220020000 204372 1778.4867 1662.3026 198.0 0
# Signi
220020000 204308 249.24246 2336.4985 447.0 0
# Rikesh
220020000 204345 2363.7217 1717.3469 103.43981 0
# Vali
220020000 204362 2397.8794 1768.4713 102.0 0
# Magni
220020000 204363 2130.0 2290.0 229.0 0
# Demirin
220020000 204306 239.28261 2409.0552 455.0 0
# Hakon
220020000 204333 644.43896 906.6485 362.0 0
# Vivi
220020000 204386 928.3013 2129.8572 238.0 0
# Kamer
220020000 204343 2421.0 1837.0 93.3125 0
# Raukus
220020000 204349 2362.6172 1858.1859 100.0 0
# Aknanti
220020000 204411 2661.25 447.51 215.75 0
# Baba Tong
220020000 204398 1508.6642 2804.558 363.47174 0
# Dezaren
220020000 204357 2445.588 1843.7369 93.67202 0
# Hreidmar
220020000 204361 2704.1582 1334.9636 109.0 0
# Legalus
220020000 204392 1068.4746 2481.9016 239.375 0
# Kiril
220020000 204358 2387.043 1742.6829 103.0 0
# Girkapan
220020000 204428 2661.403 819.6752 248.2 0
# Letum
220020000 204354 2537.2676 1743.6658 89.0 0
# Grall
220020000 204377 312.00198 2438.1514 454.44806 0
# Nott
220020000 204360 224.0129 2320.1252 446.31628 0
# Utgar
220020000 204338 1784.8868 1664.4697 198.0 0
# Orhe
220020000 204399 310.13 2270.01 450.0 0
# Anoramas
220020000 730036 941.91626 2821.5518 232.0 0
# Fulla
220020000 204368 657.275 903.6602 365.0 0
# Bicorunerk
220020000 798082 373.12872 2438.603 452.20407 0
# Lif
220020000 204379 1047.5994 2126.2397 220.66534 0
# Gaganti
220020000 204412 2670.69 365.51 217.31 0
# Tyr
220020000 204369 2812.8428 1109.3933 178.0 0
# Maxeldor
220020000 204337 627.85565 906.77655 362.0 0
# Gelkugin
220020000 204407 2367.0217 1725.4382 103.38857 0
# Volatis
220020000 204351 2407.1536 1885.021 90.383286 0
# Sat
220020000 204420 2420.0 1739.0 102.0 0
# Aegir
220020000 204301 225.33301 2415.4636 454.1092 0
# Neior
220020000 204320 365.7122 2434.499 452.1977 0
# Paepaeronerk
220020000 798079 1640.0 1003.0 137.0 0
# Vebna
220020000 204425 220.5657 2333.5103 446.31628 0
# Tekor
220020000 204340 2474.867 1800.4585 95.65601 0
# Skataon
220020000 204426 657.0689 901.1337 365.0 0
# Otis
220020000 204375 341.85062 2280.866 454.05844 0
# Bruike
220020000 790014 2542.1257 1791.6603 96.0 0
# Malak
220020000 204383 2348.1162 2226.8064 128.0 0
# Garurunerk
220020000 798125 1069.3317 2499.313 239.91824 0
# Meouw
220020000 204438 235.23924 2419.5278 461.731 0
# Muorinerk
220020000 798085 2438.778 1707.2405 101.0 0
# Obelisk (morheimiceFortress)
220020000 700064 268.0237 2338.6914 444.12332
# Obelisk (salintusObservationPost)
220020000 700065 626.35565 907.8696 360.8784
# Obelisk (alsigVillage)
220020000 700066 2384.385 1750.1564 102.37332
# Obelisk (mt.Musphel)
220020000 700067 1782.7863 1669.5 199.17012 75
# Obelisk (morheimObservatory)
220020000 700068 2803.048 1101.1567 171.84885 65
# Obelisk (kellansCabin)
220020000 700213 1095.8608 2482.1711 240.43764 50
# Obelisk (halatanaHotSprings)
220020000 700261 2347.3225 2224.931 128.23569 0

# NPCs/Objects spawns by Atomix from http://aion.atomixro.com
# Thanks to TheOne & Matej for helping me.
# mapid npcid x y z heading
# Fix by Alias

# Ampreh Blossom
220020000 700320 1085.52 2026.2 213.12 0
220020000 700320 1069.15 2145.01 213.25 0
220020000 700320 1028.28 2139.3 213.14 0
220020000 700320 1082.25 2108.86 213.25 0
220020000 700320 1025.5 2121.02 213.25 0
220020000 700320 982.81 2158.91 213.12 0
220020000 700320 1067.51 2093.21 213.25 0
220020000 700320 963.45 2130.6 213.12 0
220020000 700320 957.64 2151.72 213.12 0
220020000 700320 942.81 2160.82 213.12 0
220020000 700320 1105.78 2089.51 213.12 0
220020000 700320 1086.17 2058.34 213.25 0
220020000 700320 1121.34 2011.07 213.12 0
220020000 700320 1148.87 2047.17 213.12 0
220020000 700320 1158.39 2033.52 213.12 0
# Archana Egg
220020000 700235 287.95 1484.56 371.72 0
220020000 700235 176.57 1485.37 380.83 0
220020000 700235 210.73 1521.34 373.43 0
220020000 700235 250.93 1534.77 374.78 0
220020000 700235 268.48 1510.25 372.34 0
220020000 700235 213.56 1545.85 375.07 0
220020000 700235 165.64 1551.42 388.66 0
220020000 700235 210.9 1620.57 371.69 0
220020000 700235 309.1 1591.61 366.49 0
220020000 700235 335.62 1584.64 367.69 0
220020000 700235 151.2 1590.46 388.58 0
220020000 700235 133.53 1605.77 389.57 0
220020000 700235 124.94 1575.44 388.19 0
220020000 700235 88.55 1473.06 380.54 0
220020000 700235 121.71 1537.33 384.2 0
220020000 700235 94.02 1504.99 380.45 0
220020000 700235 101.33 1548.37 382.82 0
# Aromatic Soup
220020000 700247 846.9951 2216 336.83 0
# Crude Prison
220020000 700234 2588.44 474.83 210.88 0
220020000 700234 2570.44 360.92 218.5 0
220020000 700234 2582.39 400.71 214.21 0
220020000 700234 2670.69 365.51 217.31 0
220020000 700234 2661.25 447.51 215.75 0
# Crystal Ore
220020000 700254 1565.2609 2879.8708 320.64594 0
220020000 700254 1601.162 2797.9436 339.78885 0
220020000 700254 1628.7302 2807.901 338.69318 0
220020000 700254 1641.13 2793.1 338.37 0
220020000 700254 1650.56 2807.15 339.4 0
220020000 700254 1706.52 2896.18 310.79 0
220020000 700254 1726.71 2923.61 315.44 0
220020000 700254 1661.9152 2892.6338 316.74246 0
220020000 700254 1719.5 2933.05 316.01 0
220020000 700254 1647.26 2921.44 316.55 0
220020000 700254 1661.31 2934.65 316.17 0
# Dead Fire
220020000 700246 465.13 200.52 483.5 0
# Dried Ginseng
220020000 700238 306.64 373.44882 431.0 0
220020000 700238 306.06 373.44882 431.0 0
220020000 700238 307.42 373.44882 431.0 0
220020000 700238 288.8182 354.89444 430.9 0
220020000 700238 288.70543 355.29266 430.9 0
220020000 700238 288.59958 355.77585 430.9 0
220020000 700238 308.95364 348.26047 430.9 0
220020000 700238 308.51996 348.1342 430.9 0
220020000 700238 308.09127 347.96268 430.9 0
# Fire Temple Entrance
220020000 730047 1591.4 970.94 141 0
# Fishing Tool Box
220020000 700321 1084.81 2008.28 213.12 0
220020000 700321 1128.03 2071.57 213.12 0
220020000 700321 1112.7 2033.88 213.12 0
220020000 700321 1138.59 2046.75 213.12 0
220020000 700321 1128.79 2017.22 213.12 0
220020000 700321 1164.74 2014.45 213.12 0
220020000 700321 1163.28 2052.68 213.12 0
# Fortress Flag
220020000 700264 346.1256 2244.3782 452.66895 25
220020000 700264 394.5308 2283.9075 449.1693 71
220020000 700264 283.365 2495.0793 456.15988 25
220020000 700264 183.38548 2397.0404 443.23407 0
220020000 700264 411.41794 2438.9531 457.0438 45
220020000 700264 174.72368 2335.2402 456.54855 20
# Green Luciferin Pouch
220020000 700318 1018.87 1952.43 227.55 0
220020000 700318 1031.3 1952.88 227.16 0
220020000 700318 1038.26 1957.16 227.125 0
220020000 700318 1018.48 1951.77 227.52 0
220020000 700318 1024.96 1937.5 226.81 0
220020000 700318 1024.15 1937.61 226.85 0
220020000 700318 1005.42 1921.96 229.16 0
220020000 700318 1004.68 1922.28 229.23 0
220020000 700318 968.36 1912.37 233.48 0
220020000 700318 998.93 1912.26 229.18 0
220020000 700318 1001.79 1913.37 229.12 0
220020000 700318 1002.17 1914.02 229.12 0
220020000 700318 967.43 1901.82 233.67 0
220020000 700318 980.45 1882.75 230.12 0
220020000 700318 981.26 1881.96 230.12 0
220020000 700318 997.95 1879.61 227.88 0
220020000 700318 998.92 1879.5 227.88 0
220020000 700318 982.72 1856.03 229.66 0
220020000 700318 1005.45 1868.45 227.75 0
220020000 700318 982.96 1855.22 229.65 0
# Ice Claw Flag
220020000 700250 1092 426 515 0
220020000 700250 883.45 356.1 510 0
220020000 700250 816.36 464.8 521 0
220020000 700250 970.6 354.44 514.47 0
220020000 700250 962.24 448.3 509.22 0
220020000 700250 1049.25 345.26 514.62 0
220020000 700250 1092.08 426.12 509.25 0
220020000 700250 1086.61 358.05 509.38 0
220020000 700250 1060.02 530.56 509.38 0
220020000 700250 1170.56 408.27 509.41 0
220020000 700250 1202.74 356.13 509.38 0
220020000 700250 1123.19 501.31 509.46 0
220020000 700250 1239.97 455.91 515.88 0
220020000 700250 1336.71 324.46 527.12 0
220020000 700250 935.84 270.54 510 0
220020000 700250 1076.66 242.58 517.25 0
# Iron-clad Wooden Box
220020000 212958 2871 611 326.03 0
220020000 212958 2985 575 331.06 0
220020000 212958 2837 702 318.81 0
# Kentari Folktales of Morheim
220020000 730116 656.3998 895.08716 365.09989 0
# Light of Luck
220020000 700538 262.1145 1311.916 298 0
220020000 700538 2885.658 1921.435 119.46587 0
220020000 700538 2500.342 2137.813 129 0
220020000 700538 2048.458 2636.664 257.54865 0
220020000 700538 1420.469 1195.057 225.41342 0
220020000 700538 680.4028 1126.994 284 0
220020000 700538 1142.946 2881.024 273.70547 0
220020000 700538 2273.178 1243.916 128.88386 0
220020000 700538 2857.409 1309.209 113 0
220020000 700538 2429.438 2750.207 137 0
# Morheim Abyss Gate
220020000 700183 3034.68 878.88 364.13 75
220020000 700183 304.99 2349.9 546.48865 80
# Odella Rope
220020000 700251 863.4447 484.9907 509.4519 0
220020000 700251 863.0312 451.8667 509.875 0
220020000 700251 361.0143 395.0129 431 0
220020000 700251 867.1165 467.06 509.375 0
220020000 700251 78.8632 328.5048 444.9463 0
220020000 700251 887.3468 434.4771 510 0
220020000 700251 877.0486 484.4154 509.25 0
220020000 700251 366.8019 418.4415 430.9527 0
220020000 700251 292.0821 430.4454 430.84106 0
220020000 700251 890.448 454.4341 509.54755 0
220020000 700251 865.0977 464.6643 509.3946 0
220020000 700251 875.5566 493.4244 509.30182 0
220020000 700251 352.4928 421.6318 430.875 0
220020000 700251 354.9914 430.9854 430.875 0
220020000 700251 84.95293 336.053 444.625 0
220020000 700251 102.708 309.7404 444.75 0
220020000 700251 316.2018 305.8057 430.98013 0
220020000 700251 333.6817 362.3916 430.875 0
220020000 700251 377.2711 399.8448 431 0
220020000 700251 83.47948 341.8996 444.625 0
220020000 700251 867.6555 489.0448 509.25 0
220020000 700251 348.1318 399.9473 431 0
220020000 700251 279.4503 442.4057 430.8377 0
220020000 700251 373.22 379.7 430.75 0
220020000 700251 373.843 399.0367 431 0
220020000 700251 301.3076 437.6002 430.85403 0
220020000 700251 289.2403 440.0547 430.875 0
220020000 700251 887.1667 455.151 509.53107 0
220020000 700251 861.3351 439.9355 509.85934 0
220020000 700251 331.3407 351.0887 430.80905 0
# Old Barrel
220020000 700280 696.06 2970.97 291.75 0
220020000 700280 683.45 2966.8 290.72 0
220020000 700280 686.1 2959.45 290.67 0
220020000 700280 673.22 2965.61 292.14 0
220020000 700280 682.94 2979.08 291.54 0
# Pagimkin's Corpse
220020000 700233 2636.977 2592.276 142.70898 0
# Red Luciferin Pouch
220020000 700319 928.13 1868.02 246.12 0
220020000 700319 928.97 1868.49 246.05 0
220020000 700319 941.33 1856.49 245.7 0
220020000 700319 931.78 1760.18 243 0
220020000 700319 931.41 1761.04 243.02 0
220020000 700319 931.3 1831.91 246.01 0
220020000 700319 931.997 1831.7047 246.01926 0
220020000 700319 928.12 1777.28 243.08 0
220020000 700319 925.68 1850.22 246.4 0
220020000 700319 926.58 1850.26 246.4 0
220020000 700319 883.79 1795.37 248.12 0
220020000 700319 884.56 1773.36 248.12 0
220020000 700319 877.33 1744.51 249.69 0
220020000 700319 877.01 1745.42 249.73 0
220020000 700319 878.55 1753.59 250.07 0
220020000 700319 878.41 1764.68 249.69 0
220020000 700319 886.71 1775.42 248.12 0
220020000 700319 887.04 1774.56 248.48 0
# Red Wooden Box
220020000 212956 2192.65 501.72 237.04 0
220020000 212956 2146 387 257 0
220020000 212956 2298 446.56 229.16 0
# Research Center Experiment Buil
220020000 700216 2663.9 2500.97 147.05856 0
220020000 700216 2655.4 2499.5 147.05856 0
220020000 700216 2646.63 2498.09 147.05856 0
# Rift
220020000 700137 453.87 2308.07 440.06 0
220020000 700137 227.9 488.45 438 0
220020000 700137 1729.71 1067.36 124 0
220020000 700137 771.07 912.61 330 0
220020000 700137 1668.38 1462.6 165 0
220020000 700137 2356.19 2336.73 115.1 0
220020000 700137 1462.3 1277.33 226 0
220020000 700137 633.13 187.57 526 0
220020000 700137 1527.5 1130.13 155 0
220020000 700137 292.86 256.28 471 0
220020000 700137 342.86 477.09 430.5 0
220020000 700137 2303.29 2623.71 211.5 0
220020000 700137 563.96 1910.28 430 0
220020000 700137 1791.11 1075.1 48 0
220020000 700137 1821.12 1275.31 48 0
220020000 700137 1280.96 1116.02 242.5 0
220020000 700137 2072.61 2556.26 260 0
# Shabby Prison
220020000 700263 2662.15 799.86 248.26 0
220020000 700263 2661.15 819.92 246.37 0
220020000 700263 2679.42 817.68 246.02 0
# Statue of Mau Hero
220020000 730052 1245.31 271.16 531.78 100
220020000 730052 1255.08 256.08 534.27 0
# Stigma Stone
220020000 700242 2635.397 2600.0227 144.6388 0
# Stigma Storage
220020000 700265 2642.91 2617.06 143.08 0
220020000 700265 2623.48 2590.3 142.69 0
220020000 700265 2622.4 2596.28 142.7 0
220020000 700265 2621.1 2602.91 142.7 0
220020000 700265 2621.76 2613.78 143.08 0
# Stone Altar Censer
220020000 700243 990.91833 480.71494 512.3271 0
# Suspicious Crystal
220020000 700322 757.2394 1901.803 363.94016 0
220020000 700322 710.0034 1901.154 361.13892 0
220020000 700322 468.8579 1916.994 430.54404 0
220020000 700322 349.6487 1931.657 456.01678 0
220020000 700322 562.2283 1725.036 416.00977 0
220020000 700322 513.7489 1759.643 417.20102 0
220020000 700322 313.7309 1856.731 456.88705 0
220020000 700322 361.3136 1872.844 443.71823 0
220020000 700322 615.6214 1765.725 411.4567 0
220020000 700322 726.8168 1987.194 343.22052 0
220020000 700322 849.1702 2107.95 335.54248 0
220020000 700322 666.6281 1966.971 368.1778 0
220020000 700322 670.6819 2012.09 373.65345 0
220020000 700322 761.9854 2047.53 343.4951 0
220020000 700322 645.9899 1805.586 412.56744 0
220020000 700322 383.2439 1951.879 461.86557 0
220020000 700322 699.6356 1861.144 378.6282 0
220020000 700322 659.5396 1836.98 398.49304 0
220020000 700322 424.8995 1944.979 459.3062 0
220020000 700322 433.148 1825.722 419.91064 0
220020000 700322 761.2971 1839.142 377.84556 0
220020000 700322 356.4133 1727.27 443.59921 0
220020000 700322 244.6065 1772.221 471.3266 0
220020000 700322 396.6129 1691.01 445 0
220020000 700322 380.7238 1819.565 434.0576 0
220020000 700322 702.0669 1943.312 359.61975 0
220020000 700322 421.7949 1776.817 432.38782 0
220020000 700322 831.1955 2011.741 345.11838 0
220020000 700322 806.5823 2180.156 338.8303 0
220020000 700322 466.561 1769.081 420.04263 0
220020000 700322 511.7561 1856.861 423.13144 0
220020000 700322 803.2392 2017.125 343.9701 0
220020000 700322 301.5345 1683.125 464.34375 0
220020000 700322 599.8136 1872.125 392.26562 0
220020000 700322 550.1697 1891.303 423.38995 0
220020000 700322 566.4116 1785.909 412.26135 0
220020000 700322 420.7075 1996.213 462.05188 0
220020000 700322 292.439 1791.22 450.29877 0
220020000 700322 771.683 1950.361 357 0
220020000 700322 258.5942 1844.936 451.60922 0
# Symbol of Mau Hero
220020000 730049 2399.2 540.37 266.15 86
# Tripeed Stem
220020000 700253 2529.552 1704.187 93.5 0
220020000 700253 2521.209 1691.16 93.5 0
220020000 700253 2532.699 1692.184 93.5 0
220020000 700253 2498.892 1707.736 91.15698 0
220020000 700253 2486.695 1701.336 92.01233 0
220020000 700253 2510.168 1770.561 91.3645 0
220020000 700253 2515.134 1723.729 89.70969 0
220020000 700253 2495.991 1718.587 90.54278 0
220020000 700253 2524.56 1698.28 93.5 0
220020000 700253 2530.723 1718.606 90.799255 0
220020000 700253 2519.233 1716.263 91.277756 0
220020000 700253 2512.913 1775.23 92.73943 0
220020000 700253 2498.152 1731.363 90.34371 0
220020000 700253 2519.52 1773.343 93.5 0
220020000 700253 2488.703 1728.616 91.04858 0
220020000 700253 2517.184 1697.234 93.5 0
220020000 700253 2489.822 1704.893 92.08562 0
220020000 700253 2483.19 1711.47 90.70125 0
220020000 700253 2521.889 1725.517 89.79649 0
220020000 700253 2505.226 1762.611 90.913185 0
220020000 700253 2521.162 1768.143 91.48213 0
220020000 700253 2533.797 1695.405 93.5 0
220020000 700253 2525.18 1720.85 90.37687 0
220020000 700253 2486.874 1718.942 91.85665 0
220020000 700253 2495.219 1695.841 91.64419 0
220020000 700253 2516.509 1761.345 90.80443 0
# Wonderful Tripeed! 
220020000 730117 2525.3137 1808.6683 97.766888 106
# Wooden Box
220020000 700281 633.03 2909.8 315.28 0
# Worn Document
220020000 700302 984.48 1600.86 217.25 0
220020000 700302 970.82 1613.51 217.25 0
220020000 700302 980.06 1624.14 217.25 0
220020000 700302 952.7 1612.38 217.25 0
220020000 700302 999.71 1622.26 217.24 0
# Worn Wooden Box
220020000 212957 2668 595 265.19 0
220020000 212957 2618 615 262.5 0
220020000 212957 2661 683 258.91 0
# Yellow Luciferin Pouch
220020000 700317 1048.74 2623.35 234.7 0
220020000 700317 1058.92 2616.38 234.42 0
220020000 700317 1048.91 2624.04 234.68 0
220020000 700317 1062.79 2627.14 235.45 0
220020000 700317 1063.15 2627.83 235.49 0
220020000 700317 993.04 2467.45 236.88 0
220020000 700317 992.36 2466.91 236.88 0
220020000 700317 1118.57 2547.59 241.31 0
220020000 700317 1112.4 2572.66 242.27 0
220020000 700317 1113.06 2573.17 242.34525 0
220020000 700317 975.49 2464.24 238.28 0
220020000 700317 974.19 2458.7 238.33 0
220020000 700317 1131.52 2555.78 241.88 0
220020000 700317 1002.72 2321.43 232.61 0
220020000 700317 998.36 2313.45 234.25 0
220020000 700317 997.81 2314.1 234.25 0
220020000 700317 1009.52 2300.89 235.49 0
# Fire Room Entrance
220020000 730045 1685.98 1143.31 200.35 102
# Water Room Entrance
220020000 730041 1674.47 1147.67 200.35 60
# Wind Room Entrance
220020000 730043 1683.62 1155.37 200.35 23
# Mailbox
220020000 700000 247.91 2343.63 445.12 0
220020000 700000 2397.11 1734.48 101.88 0