# Created by xTr
# Data from aiondatabase - 2009-11-11

# Ore
220010000 400201 717.433 1565.8 301.275 0
220010000 400201 743.118 979.8806 323.275 0
220010000 400201 666.0236 1357.871 298.275 0
220010000 400201 668.8905 1022.353 314.275 0
220010000 400201 728.8832 1095.472 315.275 0
220010000 400201 748.4908 1021.186 318.275 0
220010000 400201 601.6009 1586.079 304.275 0
220010000 400201 529.6027 1324.349 328.275 0
220010000 400201 413.1615 1406.452 343.275 0
220010000 400201 791.7364 1476.066 282.275 0
220010000 400201 509.0416 1568.696 322.275 0
# Azpha
220010000 400651 555.1756 2859.501 305.275 0
220010000 400651 442.6335 2322.908 257.275 0
220010000 400651 460.1118 2412.771 265.275 0
220010000 400651 675.9329 1849.697 276.275 0
220010000 400651 522.5562 1939.886 289.275 0
220010000 400651 489.5987 2842.767 304.275 0
220010000 400651 614.3488 1899.522 284.275 0
220010000 400651 562.8382 2551.45 272.275 0
220010000 400651 858.712 2245.769 267.275 0
220010000 400651 925.2664 2255.219 264.275 0
220010000 400651 846.3378 1995.793 257.275 0
220010000 400651 1129.189 2193.16 255.275 0
220010000 400651 1214.487 2095.308 262.275 0
220010000 400651 968.5654 2205.628 256.275 0
220010000 400651 1057.432 2247.141 257.275 0
220010000 400651 566.1457 1755.45 321.275 0
220010000 400651 1007.989 2209.846 258.275 0
220010000 400651 505.9586 1392.201 315.275 0
220010000 400651 481.5325 2330.62 252.275 0
220010000 400651 995.4489 1655.202 260.275 0
220010000 400651 577.5292 2817.345 304.275 0
220010000 400651 425.0171 2258.663 253.275 0
220010000 400651 482.1905 2700.181 294.275 0
220010000 400651 1052.016 2325.698 256.275 0
220010000 400651 886.4843 2127.791 262.275 0
220010000 400651 470.5884 2185.12 251.275 0
220010000 400651 1073.311 2057.699 253.275 0
220010000 400651 615.6696 1523.567 294.275 0
220010000 400651 977.0037 1907.356 258.275 0
220010000 400651 499.2362 2630.992 283.275 0
220010000 400651 987.6136 2153.726 254.275 0
220010000 400651 1145.55 2251.467 255.275 0
220010000 400651 820.4105 1534.86 286.275 0
220010000 400651 785.3465 1719.107 260.275 0
220010000 400651 666.1528 1529.792 293.275 0
220010000 400651 547.3284 1428.933 311.275 0
220010000 400651 1108.645 2110.884 252.275 0
220010000 400651 708.1349 1716.62 262.275 0
220010000 400651 411.1134 2663.167 281.275 0
220010000 400651 1221.754 2171.624 259.275 0
220010000 400651 627.7437 2785.73 295.275 0
220010000 400651 1029.442 2055.854 254.275 0
220010000 400651 464.1855 2234.895 252.275 0
220010000 400651 479.2089 2547.247 274.275 0
220010000 400651 945.4634 1574.582 287.275 0
220010000 400651 1055.073 2145.154 256.275 0
220010000 400651 873.5762 1749.545 264.275 0
220010000 400651 907.1522 1640.41 276.275 0
220010000 400651 638.4858 2099.402 250.275 0
220010000 400651 654.7036 1432.757 295.275 0
220010000 400651 548.0366 1500.328 309.275 0
220010000 400651 959.4779 1808.884 261.275 0
220010000 400651 568.0132 1859.475 291.275 0
220010000 400651 708.91 2139.395 250.275 0
220010000 400651 740.9285 1533.494 294.275 0
220010000 400651 480.5367 2787.348 295.275 0
220010000 400651 422.6429 2746.666 290.275 0
220010000 400651 521.3321 2714.858 294.275 0
220010000 400651 762.9027 2146.129 256.275 0
220010000 400651 805.5962 2221.325 266.275 0
220010000 400651 927.455 2016.797 253.275 0
220010000 400651 1058.664 1766.676 262.275 0
# Raydam
220010000 400751 1062.738 1914.591 268.275 0
220010000 400751 816.1918 1754.243 262.275 0
220010000 400751 922.4136 1784.925 261.275 0
220010000 400751 1023.881 1720.481 262.275 0
220010000 400751 1098.698 1703.639 273.275 0
220010000 400751 857.6732 1687.151 259.275 0
220010000 400751 1044.703 1638.425 260.275 0
220010000 400751 943.85 1861.9 255.275 0
220010000 400751 764.5411 1782.771 260.275 0
220010000 400751 1047.437 1684.647 260.275 0
220010000 400751 1067.812 1820.052 262.275 0
220010000 400751 1088.286 1753.647 270.275 0
220010000 400751 858.6158 1557.619 280.275 0
220010000 400751 1106.879 1809.721 274.275 0
220010000 400751 982.2081 1819.196 257.275 0
220010000 400751 886.966 1675.624 269.275 0
220010000 400751 1027.026 1869.753 256.275 0
220010000 400751 978.7104 1779.276 261.275 0
220010000 400751 985.7717 1706.005 261.275 0
220010000 400751 919.2255 1731.421 265.275 0
