# Created by xTr
# Data from aiondatabase - 2009-11-11

# Zeller
220050000 400057 1211.959 2571.302 98.896 0
220050000 400057 1064.735 2716.307 125.066 0
220050000 400057 1124.65 2256.711 79.57 0
220050000 400057 1027.982 1989.176 86.181 0
220050000 400057 1092.402 2569.575 90.697 0
220050000 400057 1427.248 2937.75 106.314 0
220050000 400057 1238.717 2339.6 60.869 0
220050000 400057 999.8972 1959.848 79.408 0
220050000 400057 1675.524 2229.651 24.773 0
220050000 400057 1181.895 2309.156 65.875 0
220050000 400057 1003.347 2159.835 84.443 0
220050000 400057 1327.801 2286.177 53.972 0
220050000 400057 2089.479 2785.151 74.591 0
220050000 400057 1526.536 2131.269 51.993 0
220050000 400057 959.8783 1662.563 102.645 0
220050000 400057 968.2271 2011.597 79.424 0
220050000 400057 1074.877 2461.554 87.73 0
220050000 400057 1099.231 1866.552 79.246 0
220050000 400057 1626.26 2201.744 22.003 0
220050000 400057 1367.577 2353.359 41.335 0
220050000 400057 960.4991 1717.041 102.645 0
220050000 400057 942.9745 2118.033 79.591 0
220050000 400057 1263.351 2515.144 74.859 0
220050000 400057 2100.866 2871.205 68.537 0
220050000 400057 1096.378 2303.344 79.114 0
220050000 400057 1520.197 2394.733 43.121 0
220050000 400057 1907.733 2794.368 90.691 0
220050000 400057 1610.895 2105.581 45.717 0
220050000 400057 1438.209 2576.415 80.564 0
220050000 400057 2019.194 3008.839 80.258 0
220050000 400057 1698.032 1999.834 49.248 0
220050000 400057 2097.978 2947.255 74.974 0
220050000 400057 1514.431 2187.366 37.545 0
220050000 400057 1077.635 2395.045 82.002 0
220050000 400057 1732.865 2801.856 81.289 0
220050000 400057 1447.737 2311.218 37.982 0
220050000 400057 1186.365 2275.696 69.608 0
220050000 400057 1390.968 2823.339 102.244 0
220050000 400057 1126.868 2342.371 76.14 0
220050000 400057 1390.011 2509.923 74.212 0
220050000 400057 897.4167 1783.99 69.104 0
220050000 400057 945.5765 2143.93 81.878 0
220050000 400057 1641.254 2235.194 24.107 0
220050000 400057 1559.604 2206.869 35.199 0
220050000 400057 1643.508 2038.428 43.276 0
220050000 400057 1587.339 2155.302 40.327 0
220050000 400057 1084.292 2136.776 80.389 0
220050000 400057 847.1497 1788.616 70.504 0
220050000 400057 1633.916 2287.47 15.755 0
220050000 400057 1776.852 2924.964 83.029 0
220050000 400057 1498.651 2294.49 32.103 0
220050000 400057 1311.076 2691.22 95.771 0
220050000 400057 1775.655 2805.819 90.691 0
220050000 400057 932.3466 1812.548 102.645 0
220050000 400057 1351.619 2507.62 75.145 0
220050000 400057 1134.371 2103.464 69.868 0
220050000 400057 981.0904 1765.977 68.839 0
220050000 400057 1563.591 2892.616 80.597 0
220050000 400057 1470.899 2800.99 111.105 0
220050000 400057 1472.235 2559.017 85.221 0
220050000 400057 882.4701 1746.104 69.229 0
220050000 400057 1094.068 2764.02 125.513 0
220050000 400057 1427.36 2847.806 105.193 0
220050000 400057 1010.082 2041.148 88.846 0
220050000 400057 1044.896 1923.35 76.289 0
220050000 400057 1359.864 2909.231 109.942 0
220050000 400057 1627.128 2121.979 37.404 0
220050000 400057 1179.767 2408.302 76.434 0
# Vigen
220050000 400059 256.0383 1225.037 137.136 0
220050000 400059 450.1641 981.7471 107.853 0
220050000 400059 301.8561 834.2133 90.904 0
220050000 400059 507.751 1179.857 102.672 0
220050000 400059 445.055 756.3668 71.498 0
220050000 400059 416.0201 909.5211 83.398 0
220050000 400059 55.38165 827.4315 120.623 0
220050000 400059 183.5725 1104.007 150.689 0
220050000 400059 362.7732 1342.151 187.677 0
220050000 400059 44.76169 1383.666 157.807 0
220050000 400059 177.7455 1327.793 140.022 0
220050000 400059 170.7645 810.8298 105.026 0
220050000 400059 102.4308 789.0252 117.98 0
220050000 400059 305.625 1027.046 97.281 0
220050000 400059 238.1114 647.8627 104.077 0
220050000 400059 246.6509 878.3468 99.741 0
220050000 400059 442.415 1290.131 168.33 0
220050000 400059 173.5493 1039.35 149.307 0
220050000 400059 259.4343 750.5399 83.992 0
220050000 400059 222.1201 723.4947 85.797 0
220050000 400059 228.8529 1126.393 118.129 0
220050000 400059 332.2421 736.153 78.729 0
220050000 400059 174.6527 664.3878 89.089 0
220050000 400059 435.4219 1228.699 153.133 0
220050000 400059 330.1788 970.0692 89.142 0
220050000 400059 142.6645 1608.326 210.319 0
220050000 400059 355.453 1061.342 112.144 0
220050000 400059 278.8396 1096.438 102.828 0
220050000 400059 285.1189 892.752 89.95 0
220050000 400059 209.5575 847.8073 99.561 0
220050000 400059 413.8734 1116.342 115.223 0
220050000 400059 266.2701 1280.6 149.175 0
220050000 400059 274.2563 667.9349 103.877 0
220050000 400059 207.6927 702.9724 96.781 0
220050000 400059 377.3135 1142.752 118.208 0
220050000 400059 366.4774 1597.567 188.255 0
220050000 400059 487.93 1119.775 104.483 0
220050000 400059 74.7511 1653.173 224.689 0
220050000 400059 304.5996 1154.201 117.742 0
220050000 400059 185.9084 1248.958 136.735 0
220050000 400059 115.1513 827.7289 117.448 0
220050000 400059 71.28952 1044.198 150.51 0
220050000 400059 374.2197 1431.598 189.308 0
220050000 400059 210.0286 902.5084 105.951 0
220050000 400059 499.1896 1616.813 200.49 0
220050000 400059 109.6681 1194.418 162.372 0
220050000 400059 116.888 1457.711 173.051 0
220050000 400059 375.5426 920.241 82.23 0
220050000 400059 434.4558 1563.21 190.264 0
220050000 400059 393.6635 783.6027 67.248 0
# Cippo
220050000 400060 592.7242 2448.92 111.102 0
220050000 400060 478.2253 2568.797 117.324 0
220050000 400060 567.5538 2287.887 129.726 0
220050000 400060 168.9224 2340.665 84.092 0
220050000 400060 263.8546 2329.881 84.259 0
220050000 400060 153.8584 2463.024 164.106 0
220050000 400060 273.4193 2284.008 83.854 0
220050000 400060 323.584 2340.43 84.603 0
220050000 400060 270.525 2442.467 199.598 0
220050000 400060 317.4997 2465.08 141.599 0
220050000 400060 345.4937 2391.789 99.74 0
220050000 400060 464.3801 2414.298 108.506 0
220050000 400060 209.7822 2335.778 83.974 0
220050000 400060 162.0665 2367.386 84.044 0
220050000 400060 149.3383 2439.503 84.61 0
220050000 400060 460.8687 2361.072 119.618 0
220050000 400060 615.736 2474.859 144.116 0
220050000 400060 387.147 2487.567 121.821 0
220050000 400060 482.133 2478.39 106.321 0
220050000 400060 389.3698 2424.81 113.021 0
220050000 400060 554.1678 2380.786 109.548 0
220050000 400060 419.4627 2564.184 113.756 0
220050000 400060 636.8059 2382.527 139.973 0
220050000 400060 696.7275 475.2967 26.957 0
220050000 400060 1466.255 249.1602 236.805 0
220050000 400060 1635.681 335.2452 211.824 0
220050000 400060 999.8971 508.4185 120.641 0
220050000 400060 1222.329 71.59364 249.608 0
220050000 400060 1534.633 157.8738 237.057 0
220050000 400060 709.9495 581.0266 34.145 0
220050000 400060 1105.614 750.5424 172.97 0
220050000 400060 794.3012 309.5304 18.045 0
220050000 400060 2061.334 341.9204 231.359 0
220050000 400060 1693.904 152.1228 216.159 0
220050000 400060 1412.118 406.4026 217.847 0
220050000 400060 1297.432 490.3487 173.492 0
220050000 400060 686.4398 711.4762 31.616 0
220050000 400060 1511.971 266.5633 240.739 0
220050000 400060 1256.399 194.2909 238.013 0
220050000 400060 847.1017 387.2802 119.746 0
220050000 400060 716.6465 394.9968 29.537 0
220050000 400060 927.2743 330.9609 120.879 0
220050000 400060 1862.528 381.373 233.187 0
220050000 400060 350.4634 624.8846 27.491 0
220050000 400060 1325.915 231.252 220.536 0
220050000 400060 397.8353 623.0705 23.114 0
220050000 400060 1147.619 621.3887 133.844 0
220050000 400060 1371.466 379.289 216.202 0
220050000 400060 478.8502 734.9685 32.507 0
220050000 400060 441.7236 546.616 21.327 0
220050000 400060 1237.928 333.4167 194.742 0
220050000 400060 1872.925 227.8218 217.055 0
220050000 400060 1159.799 370.9474 170.485 0
220050000 400060 1056.003 751.4541 168.043 0
220050000 400060 1728.068 185.8409 204.987 0
220050000 400060 2053.254 144.5575 230.558 0
220050000 400060 859.8485 782.3187 166.782 0
220050000 400060 230.1549 484.2206 17.154 0
220050000 400060 536.201 788.5096 28.29 0
220050000 400060 825.5485 269.8592 16.115 0
220050000 400060 1456.555 83.89845 253.088 0
220050000 400060 1011.495 402.7027 146.768 0
220050000 400060 252.216 592.352 48.377 0
220050000 400060 1999.326 423.4129 197.883 0
220050000 400060 1699.667 237.9012 198.149 0
220050000 400060 1405.9 128.5791 258.229 0
220050000 400060 1419.052 354.5063 228.377 0
220050000 400060 605.3094 690.7717 18.762 0
220050000 400060 875.8451 643.9771 79.04 0
220050000 400060 2138.888 331.3437 237.775 0
220050000 400060 1868.049 163.3511 231.748 0
220050000 400060 1035.496 329.4132 148.297 0
220050000 400060 1061.063 387.0459 153.952 0
220050000 400060 1196.66 179.9575 239.002 0
220050000 400060 658.0348 462.8166 25.361 0
220050000 400060 1277.267 133.28 233.668 0
220050000 400060 1625.712 106.6228 226.473 0
220050000 400060 812.5624 641.2778 44.435 0
220050000 400060 1018.812 648.031 137.669 0
220050000 400060 224.4997 516.0645 38.522 0
220050000 400060 2114.489 288.9851 237.033 0
220050000 400060 1353.687 183.0413 231.313 0
220050000 400060 1493.654 368.4228 228.284 0
220050000 400060 1114.156 521.8063 151.679 0
220050000 400060 302.6497 488.555 17.239 0
220050000 400060 765.9675 290.2539 21.489 0
220050000 400060 930.0692 176.5154 16.949 0
220050000 400060 1823.325 268.4643 211.524 0
220050000 400060 2026.832 210.8006 223.422 0
220050000 400060 1258.63 293.8267 214.054 0
220050000 400060 1983.638 283.6046 216.306 0
220050000 400060 1183.327 268.7329 236.489 0
220050000 400060 915.1964 430.481 107.41 0
220050000 400060 1456.811 326.1424 252.133 0
220050000 400060 1347.934 304.8317 216.886 0
220050000 400060 662.6523 684.1179 20.405 0
220050000 400060 596.7848 599.0132 12.699 0
220050000 400060 1939.357 166.5019 225.059 0
220050000 400060 928.7778 692.7435 146.105 0
220050000 400060 515.4097 581.1927 13.303 0
220050000 400060 891.9649 529.6807 72.678 0
220050000 400060 992.7256 593.7128 119.757 0
220050000 400060 1910.562 377.6124 215.954 0
220050000 400060 1854.777 94.05682 243.321 0
220050000 400060 1227.194 498.4851 166.217 0
220050000 400060 1495.976 465.2419 230.568 0
220050000 400060 1273.873 74.50467 243.842 0
220050000 400060 1606.792 201.6177 239.084 0
220050000 400060 704.6655 363.6448 20.151 0
220050000 400060 1415.956 452.5157 224.841 0
220050000 400060 1996.329 134.7591 237.797 0
220050000 400060 478.2611 622.8373 23.64 0
220050000 400060 601.9913 506.5377 15.864 0
220050000 400060 241.7051 440.5681 14.463 0
220050000 400060 741.2482 339.3321 19.241 0
220050000 400060 869.3059 212.4964 17.074 0
220050000 400060 1176.704 305.4384 200.564 0
220050000 400060 799.5473 275.6571 11.557 0
220050000 400060 940.9994 371.089 123.583 0
220050000 400060 514.0289 704.0181 21.633 0
220050000 400060 1483.355 153.3017 247.938 0
220050000 400060 1257.005 241.9641 224.768 0
220050000 400060 709.4502 642.4958 33.984 0
220050000 400060 1258.441 571.9268 172.613 0
220050000 400060 2126.38 197.1388 236.681 0
220050000 400060 937.8284 764.1842 165.002 0
220050000 400060 393.4506 554.8409 24.095 0
220050000 400060 1058.075 475.5566 142.671 0
220050000 400060 754.5754 579.4631 39.856 0
220050000 400060 2088.924 247.7211 240.134 0
220050000 400060 2121.959 113.5986 241.035 0
220050000 400060 1493.438 224.3172 232.033 0
# Mithril
220050000 400104 2050.216 2798.925 73.608 0
220050000 400104 1085.461 2733.151 126.428 0
220050000 400104 968.6992 2470.909 99.091 0
220050000 400104 1164.831 2428.32 84.508 0
220050000 400104 1360.082 2599.883 78.631 0
220050000 400104 1100.995 2333.774 83.731 0
220050000 400104 1315.932 2545.936 92.676 0
220050000 400104 1954.781 2968.883 75.716 0
220050000 400104 2045.873 2995.65 77.717 0
220050000 400104 744.6704 2416.834 111.485 0
220050000 400104 1016.516 2439.605 92.703 0
220050000 400104 2013.834 2862.498 90.614 0
220050000 400104 1261.967 2561.722 98.316 0
220050000 400104 1487.466 2649.122 88.305 0
220050000 400104 1782.058 2823.479 80.26 0
220050000 400104 819.3292 2510.533 95.362 0
220050000 400104 763.967 2634.965 106.611 0
220050000 400104 2124.357 2918.937 69.339 0
220050000 400104 2181.148 2988.292 130.45 0
220050000 400104 1067.137 2841.976 140.917 0
220050000 400104 1055.115 2561.825 94.665 0
220050000 400104 1704.915 2896.621 69.026 0
220050000 400104 1751.306 2726.203 94.128 0
220050000 400104 1662.06 2999.097 76.101 0
220050000 400104 1283.578 2311.761 60.723 0
220050000 400104 2190.594 2781.894 71.482 0
220050000 400104 1604.736 2895.763 73.176 0
220050000 400104 698.9312 2568.784 101.159 0
220050000 400104 1377.484 2722.746 98.837 0
220050000 400104 900.165 2423.996 83.761 0
220050000 400104 1520.807 2924.215 83.672 0
220050000 400104 1235.168 2277.855 65.903 0
220050000 400104 788.8213 2579.832 98.116 0
220050000 400104 2162.037 2837.325 71.823 0
220050000 400104 1799.248 2886.14 84.411 0
220050000 400104 1005.649 2587.518 118.313 0
220050000 400104 1162.569 2642.878 93.633 0
220050000 400104 1106.283 2504.874 96.66 0
220050000 400104 975.1638 2382.248 83.316 0
220050000 400104 1430.9 2709.317 96.81 0
220050000 400104 1144.057 2508.525 100.558 0
220050000 400104 1369.673 2487.248 69.48 0
220050000 400104 728.7656 2608.888 111.65 0
220050000 400104 1918.785 2858.019 87.787 0
220050000 400104 2007.529 2963.77 72.466 0
220050000 400104 1402.377 2674.107 97.125 0
220050000 400104 1339.815 2924.779 116.483 0
220050000 400104 1337.524 2525.654 80.192 0
220050000 400104 887.8244 2345.86 85.086 0
220050000 400104 1868.384 2916.602 72.304 0
220050000 400104 2234.594 2836.295 68.981 0
220050000 400104 828.1933 2540.44 94.253 0
220050000 400104 1640.334 2745.659 88.75 0
220050000 400104 1113.359 2394.936 83.731 0
220050000 400104 1865.714 2945.989 76.262 0
220050000 400104 1079.399 2425.368 82.225 0
220050000 400104 1041.718 2937.76 167.237 0
220050000 400104 1232.794 2738.92 119.79 0
220050000 400104 1054.388 2349.165 87.563 0
220050000 400104 1127.374 2290.132 78.042 0
220050000 400104 964.7556 2510.537 102.37 0
220050000 400104 2060.35 2945.495 70.725 0
220050000 400104 1176.355 2329.217 73.604 0
220050000 400104 1409.818 2969.178 110.291 0
220050000 400104 1209.611 2352.27 68.591 0
220050000 400104 1154.053 2347.056 74.136 0
220050000 400104 1154.985 2709.626 120.779 0
220050000 400104 1249.01 2427.053 82.036 0
220050000 400104 881.2419 2476.66 87.356 0
220050000 400104 1466.499 2527.031 96.432 0
220050000 400104 704.0734 2522.788 104.11 0
220050000 400104 1207.921 2412.044 83.047 0
220050000 400104 837.7874 2438.8 84.91 0
220050000 400104 1580.783 2803.938 86.141 0
220050000 400104 1879.524 2813.108 83.276 0
220050000 400104 1100.311 2244.055 84.283 0
220050000 400104 1116.887 2463.65 85.789 0
220050000 400104 1035.82 2489.274 96.106 0
220050000 400104 1504.969 2814.046 106.247 0
220050000 400104 1425.29 2449.299 70.626 0
220050000 400104 1127.497 2227.59 79.698 0
220050000 400104 744.7589 2481.344 96.253 0
220050000 400104 1254.841 2315.093 57.19 0
220050000 400104 914.803 2256.777 119.13 0
220050000 400104 1832.565 2769.784 89.229 0
220050000 400104 1064.055 2894.452 155.133 0
220050000 400104 1709.175 2770.23 78.854 0
220050000 400104 1246.91 1554.1 57.138 0
220050000 400104 1846.667 723.3682 46.464 0
220050000 400104 970.8356 1399.601 72.708 0
220050000 400104 1200.072 1282.424 41.886 0
220050000 400104 1630.183 447.9914 75.807 0
220050000 400104 1346.353 1328.898 43.964 0
220050000 400104 1442.581 1222.861 43.302 0
220050000 400104 1932.079 1288.871 47.262 0
220050000 400104 1273.488 1485.048 46.901 0
220050000 400104 1312.335 1616.153 41.244 0
220050000 400104 1285.478 1771.967 41.919 0
220050000 400104 1029.263 1573.586 43.385 0
220050000 400104 1976.112 613.1946 57.098 0
220050000 400104 1989.888 1169.553 49.522 0
220050000 400104 1450.71 1084.565 46.358 0
220050000 400104 1863.531 1755.355 55.25 0
220050000 400104 2134.955 1027.897 77.488 0
220050000 400104 1624.432 1714.897 48.748 0
220050000 400104 1028.766 1323.525 57.487 0
220050000 400104 1648.316 930.6253 44.704 0
220050000 400104 1584.939 1480.026 42.597 0
220050000 400104 1679.108 550.561 58.792 0
220050000 400104 1539.817 810.0159 51.827 0
220050000 400104 1804.024 1515.747 44.01 0
220050000 400104 1600.493 680.886 41.662 0
220050000 400104 1312.279 1246.808 41.82 0
220050000 400104 1820.936 1003.305 57.114 0
220050000 400104 2060.052 1346.645 82.386 0
220050000 400104 1132.801 1784.423 41.959 0
220050000 400104 2114.69 687.0583 64.747 0
220050000 400104 1892.723 1371.11 48.565 0
220050000 400104 2112.341 1239.801 78.792 0
220050000 400104 1709.001 1678.76 46.73 0
220050000 400104 1067.438 1445.807 44.408 0
220050000 400104 1450.792 1717.443 43.266 0
220050000 400104 1916.778 900.4641 55.312 0
220050000 400104 1631.274 1627.941 46.478 0
220050000 400104 1141.437 1532.958 45.07 0
220050000 400104 1704.65 782.3736 41.801 0
# Orichalcum
220050000 400208 692.215 2457.619 108.586 0
220050000 400208 1216.767 2651.218 100.622 0
220050000 400208 953.3276 1932.93 85.317 0
220050000 400208 818.7474 2381.325 115.93 0
220050000 400208 1270.42 2397.424 68.199 0
220050000 400208 900.0124 2191.023 93.935 0
220050000 400208 768.509 2516.006 90.452 0
220050000 400208 1326.276 2664.973 96.36 0
220050000 400208 1303.689 2989.234 157.428 0
220050000 400208 1377.642 2637.477 89.816 0
220050000 400208 695.2036 2511.782 102.871 0
220050000 400208 906.2032 1682.611 128.232 0
220050000 400208 809.4992 2547.094 98.076 0
220050000 400208 1442.444 2162.912 56.665 0
220050000 400208 1470.051 2714.609 112.411 0
220050000 400208 2148.95 3015.581 102.42 0
220050000 400208 2167.996 2735.244 111.543 0
220050000 400208 1175.585 2259.08 80.135 0
220050000 400208 1507.826 2634.866 92.599 0
220050000 400208 1116.343 2308.059 82.619 0
220050000 400208 1263.19 2226.078 52.742 0
220050000 400208 1546.62 2825.746 96.163 0
220050000 400208 1138.905 2520.608 94.127 0
220050000 400208 924.8098 1582.745 128.232 0
220050000 400208 2201.635 2881.268 95.751 0
220050000 400208 1462.991 2837.961 105.63 0
220050000 400208 1231.014 2226.085 67.208 0
220050000 400208 1398.041 2357.751 53.447 0
220050000 400208 1367.859 2674.34 105.076 0
220050000 400208 1350.945 2691.682 110.763 0
220050000 400208 1293.787 2943.114 154.818 0
220050000 400208 1440.245 2796.358 110.978 0
220050000 400208 1949.567 2823.503 92.333 0
220050000 400208 1036.58 2672.885 125.049 0
220050000 400208 1126.3 2140.569 77.285 0
220050000 400208 833.4219 1826.737 101.876 0
220050000 400208 1307.194 2307.659 60.303 0
220050000 400208 1304.547 2433.322 74.474 0
220050000 400208 1044.744 2370.746 90.996 0
220050000 400208 853.6399 1644.384 128.232 0
220050000 400208 1748.059 2875.795 78.869 0
220050000 400208 1069.502 2610.727 100.073 0
220050000 400208 902.7798 2324.406 88.888 0
220050000 400208 1227.518 2343.275 64.092 0
220050000 400208 1044.964 2628.051 112.936 0
220050000 400208 1440.021 2765.833 111.733 0
220050000 400208 1167.849 2297.331 75.616 0
220050000 400208 1009.167 2899.909 160.071 0
220050000 400208 2000.437 2902.416 77.355 0
220050000 400208 944.0033 2368.101 84.244 0
220050000 400208 1505.61 2585.495 92.833 0
220050000 400208 938.1147 2230.462 112.881 0
220050000 400208 1494.039 2331.205 35.196 0
220050000 400208 1264.357 2682.876 96.67 0
220050000 400208 1305.412 2871.346 122.752 0
220050000 400208 981.0463 2459.615 105.755 0
220050000 400208 956.1046 2057.152 88.45 0
220050000 400208 931.6263 2320.811 84.265 0
220050000 400208 1361.732 2984.283 121.642 0
220050000 400208 1242.204 2762.989 163.467 0
220050000 400208 1349.479 2397.269 53.884 0
220050000 400208 772.7546 2470.058 95.532 0
220050000 400208 1193.169 2777.182 127.802 0
220050000 400208 846.3287 2384.226 95.293 0
220050000 400208 955.502 2412.886 101.155 0
220050000 400208 1284.306 2867.325 154.281 0
220050000 400208 1587.414 2413.794 62.309 0
220050000 400208 1437.029 2503.61 80.047 0
220050000 400208 924.4245 2500.344 98.197 0
220050000 400208 777.6194 2611.688 107.591 0
220050000 400208 901.9638 2454.878 88.242 0
220050000 400208 1193.474 2804.686 140.887 0
220050000 400208 1201.168 2435.732 82.633 0
220050000 400208 1356.378 2561.34 79.06 0
220050000 400208 1461.32 2414.831 53.937 0
220050000 400208 1257.59 2820.881 140.051 0
220050000 400208 773.9018 2418.531 102.334 0
220050000 400208 1072.907 2359.124 84.632 0
220050000 400208 1017.858 2405.764 88.126 0
220050000 400208 1271.762 2430.19 81.304 0
220050000 400208 1138.792 2595.191 93.403 0
220050000 400208 1096.918 2176.373 81.506 0
220050000 400208 909.835 2094.756 90.787 0
220050000 400208 1261.932 2531.513 83.942 0
220050000 400208 1108.687 2862.818 143.176 0
220050000 400208 1079.877 1837.068 82.362 0
220050000 400208 1559.134 2262.082 33.514 0
220050000 400208 2068.985 2765.833 96.648 0
220050000 400208 750.6529 2567.112 108.226 0
220050000 400208 1068.33 2411.959 87.717 0
220050000 400208 1034.471 1725.699 128.232 0
220050000 400208 1217.723 2494.056 79.69 0
220050000 400208 1334.329 2729.593 123.705 0
220050000 400208 1406.569 2425.448 77.804 0
220050000 400208 1010.211 2112.608 84.98 0
220050000 400208 1494.808 2537.269 95.229 0
220050000 400208 970.1194 2207.127 97.901 0
220050000 400208 824.3408 1744.601 128.232 0
220050000 400208 1304.404 2789.197 136.29 0
220050000 400208 1697.8 2954.823 71.691 0
220050000 400208 1091.382 2620.301 94.323 0
220050000 400208 1128.805 2677.153 111.465 0
220050000 400208 855.6237 2514.992 109.832 0
220050000 400208 885.6026 2488.766 93.699 0
220050000 400208 1912.337 3019.949 79.201 0
220050000 400208 717.5146 2467.366 100.726 0
220050000 400208 1188.271 1846.358 91.303 0
220050000 400208 1548.738 2330.293 33.463 0
220050000 400208 1419.927 2750.179 105.698 0
220050000 400208 931.7047 2455.201 94.793 0
220050000 400208 1315.665 2565.568 95.545 0
220050000 400208 1348.373 2813.623 111.298 0
220050000 400208 1191.672 2221.704 74.441 0
220050000 400208 1830.289 2824.944 90.104 0
220050000 400208 1115.11 2356.952 78.313 0
220050000 400208 1137.791 2480.03 92.643 0
220050000 400208 1145.192 2807.908 168.313 0
220050000 400208 920.168 2388.613 88.036 0
220050000 400208 880.0804 2549.867 113.019 0
220050000 400208 1308.905 2515.125 77.064 0
220050000 400208 1018.066 2287.882 81.094 0
220050000 400208 1333.907 2548.208 85.361 0
220050000 400208 1035.093 2235.49 84.9 0
220050000 400208 1297.105 2224.468 54.721 0
220050000 400208 740.7601 2519.635 100.38 0
220050000 400208 1195.123 2742.446 127.084 0
220050000 400208 1044.671 2796.013 153.975 0
220050000 400208 807.4665 2438.21 91.64 0
220050000 400208 814.1643 2624.023 124.239 0
220050000 400208 2258.824 2790.364 92.701 0
220050000 400208 1007.685 2537.904 104.618 0
220050000 400208 1239.823 2550.302 89.75 0
220050000 400208 1031.26 2713.851 144.411 0
220050000 400208 1229.662 2198.58 62.004 0
220050000 400208 937.7938 2295.018 86.971 0
220050000 400208 1180.862 2161.05 63.649 0
220050000 400208 1612.298 2792.871 85.785 0
220050000 400208 1643.384 2881.815 73.947 0
220050000 400208 1182.389 2124.931 56.685 0
220050000 400208 1194.766 2584.957 91.12 0
220050000 400208 1180.728 2456.377 86.668 0
220050000 400208 1345.075 2628.093 96.162 0
220050000 400208 843.9105 2482.745 87.021 0
220050000 400208 1446.316 2924.427 101.646 0
220050000 400208 1684.463 2716.167 99.93 0
220050000 400208 1230.821 2636.535 96.472 0
220050000 400208 1358.306 2420.652 69.672 0
220050000 400208 1435.361 2665.5 89.321 0
220050000 400208 1050.982 2648.096 115.118 0
220050000 400208 1285.762 2665.794 96.36 0
220050000 400208 1626.792 2339.657 32.548 0
220050000 400208 1111.492 2645.53 101.957 0
220050000 400208 940.6509 2538.985 111.954 0
220050000 400208 1010.137 2007.838 80.259 0
220050000 400208 1171.888 2496.135 91.378 0
220050000 400208 1219.252 2601.176 95.654 0
220050000 400208 1359.854 2778.668 110.056 0
220050000 400208 1283.592 2823.257 128.16 0
220050000 400208 1372.11 2317.202 47.985 0
220050000 400208 862.7609 2142.354 106.229 0
220050000 400208 880.3555 1852.653 128.232 0
220050000 400208 1148.673 2412.156 78.313 0
# Ruby
220050000 400310 1137.403 2372.216 76.265 0
220050000 400310 847.9811 2547.071 97.181 0
220050000 400310 1153.406 2324.148 71.515 0
220050000 400310 1060.49 2514.516 93.64 0
220050000 400310 723.3005 2647.994 106.602 0
220050000 400310 788.2051 2388.918 107.114 0
220050000 400310 974.9241 2513.937 104.51 0
220050000 400310 671.5422 2469.89 100.58 0
220050000 400310 1120.869 2448.342 82.347 0
220050000 400310 869.0834 2302.211 113.805 0
220050000 400310 669.4508 2514.997 103.322 0
220050000 400310 1056.302 2492.434 93.515 0
220050000 400310 1088.76 2395.84 81.955 0
220050000 400310 867.6031 2590.146 133.164 0
220050000 400310 994.2164 2403.557 103.296 0
# Sapphire
220050000 400311 1803.622 820.4338 60.967 0
220050000 400311 1720.083 892.0381 51.875 0
220050000 400311 1283.988 641.2582 87.735 0
220050000 400311 974.3058 1057.708 66.641 0
220050000 400311 1355.286 911.3762 48.774 0
220050000 400311 1166.395 835.3073 66.996 0
220050000 400311 1792.966 1062.955 44.948 0
220050000 400311 1810.441 982.0393 53.898 0
220050000 400311 1835.372 766.2515 54.601 0
220050000 400311 998.0409 823.9242 72.998 0
220050000 400311 981.7635 1323.507 52.191 0
220050000 400311 1883.85 956.3622 54.862 0
220050000 400311 1034.415 1298.315 63.362 0
220050000 400311 1788.056 936.4835 60.948 0
220050000 400311 1094.488 849.4215 78.942 0
220050000 400311 1305.226 1089.902 44.959 0
220050000 400311 1163.666 708.9655 88.778 0
220050000 400311 1887.838 853.263 59.059 0
220050000 400311 878.1476 1031.177 64.436 0
# Asvata Log
220050000 400457 2134.599 887.4065 52.006 0
220050000 400457 1382.743 1275.254 42.393 0
220050000 400457 804.8288 1403.926 45.927 0
220050000 400457 1513.655 1252.664 40.802 0
220050000 400457 1051.005 1278.104 56.495 0
220050000 400457 1143.366 919.8229 71.443 0
220050000 400457 1935.361 1183.451 44.533 0
220050000 400457 1351.336 761.0681 71.066 0
220050000 400457 1668.18 1240.28 42.467 0
220050000 400457 1332.546 1755.572 54.425 0
220050000 400457 1518.144 1148.956 42.581 0
220050000 400457 1485.2 1758.333 42.2 0
220050000 400457 1465.352 1603.995 42.358 0
220050000 400457 639.8552 1461.451 85.85 0
220050000 400457 1182.548 1432.47 49.836 0
220050000 400457 1524.551 1562.997 41.723 0
220050000 400457 1208.387 1776.107 42.041 0
220050000 400457 1611.369 1132.971 44.061 0
220050000 400457 1790.426 607.3185 62.448 0
220050000 400457 1304.312 1395.203 54.249 0
220050000 400457 1312.326 1172.177 39.69 0
220050000 400457 2121.403 1162.417 77.316 0
220050000 400457 686.6688 1209.373 56.48 0
220050000 400457 1349.422 1638.345 41.507 0
220050000 400457 1348.743 1356.161 46.864 0
220050000 400457 1758.076 1354.538 43.228 0
220050000 400457 1538.368 1559.686 43.142 0
220050000 400457 1075.179 1070.653 50.241 0
220050000 400457 1356.155 1560.535 46.502 0
220050000 400457 1967.741 1326.383 55.061 0
220050000 400457 1435.624 1523.241 45.018 0
220050000 400457 1646.405 1594.797 49.326 0
220050000 400457 1807.581 1608.114 45.803 0
220050000 400457 967.0802 1063.102 60.095 0
220050000 400457 773.8203 1341.592 43.014 0
220050000 400457 1311.568 1029.094 47.211 0
220050000 400457 612.108 1263.365 69.484 0
220050000 400457 1509.27 1178.474 39.923 0
220050000 400457 1215.185 1083.481 41.878 0
220050000 400457 911.371 1106.437 60.578 0
220050000 400457 1042.283 1420.22 46.541 0
220050000 400457 1748.159 1040.335 48.726 0
220050000 400457 619.3133 1351.287 77.122 0
220050000 400457 1840.639 565.9493 58.561 0
220050000 400457 1261.886 1502.707 52.356 0
220050000 400457 1031.878 1684.898 66.725 0
220050000 400457 956.2129 1197.834 39.609 0
220050000 400457 578.1156 1150.322 64.517 0
220050000 400457 899.5547 1252.888 52.406 0
220050000 400457 2119.134 1042.55 64.335 0
220050000 400457 1295.794 1519.473 41.607 0
220050000 400457 1799.146 1721.519 48.887 0
220050000 400457 788.838 1062.165 49.23 0
220050000 400457 1183.376 1602.413 54.744 0
220050000 400457 1864.055 1505.993 59.537 0
220050000 400457 2083.133 837.7297 48.69 0
220050000 400457 1958.178 976.4241 42.867 0
220050000 400457 1028.552 1244.299 55.093 0
220050000 400457 1502.308 713.2354 72.049 0
220050000 400457 653.7377 1420.994 76.968 0
220050000 400457 1660.013 1769.033 49.392 0
220050000 400457 1269.867 1686.551 41.828 0
220050000 400457 1471.614 1368.947 49.926 0
220050000 400457 1187.527 1225.917 47.138 0
220050000 400457 1488.5 941.484 43.404 0
220050000 400457 658.974 1086.896 48.221 0
# Anathe
220050000 400558 881.2245 1337.285 50.425 0
220050000 400558 1740.197 1308.121 41.021 0
220050000 400558 1200.903 850.3866 67.914 0
220050000 400558 1051.915 1223.57 53.974 0
220050000 400558 1174.929 1565.98 56.65 0
220050000 400558 1370.024 1213.175 41.123 0
220050000 400558 1530.315 1722.132 42.605 0
220050000 400558 1580.006 1078.254 42.563 0
220050000 400558 793.9527 1135.473 44.408 0
220050000 400558 1710.114 1463.905 41.597 0
220050000 400558 1473.454 1319.573 42.752 0
220050000 400558 1123.261 1328.992 43.077 0
220050000 400558 1701.947 1608.154 49.067 0
220050000 400558 987.8936 850.0342 67.727 0
220050000 400558 1306.766 1466.11 41.944 0
220050000 400558 1214.051 1146.597 44.318 0
220050000 400558 1350.507 1133.979 41.336 0
220050000 400558 1822.439 698.4382 42.153 0
220050000 400558 1130.733 1240.385 52.785 0
220050000 400558 1233.845 736.8099 67.65 0
220050000 400558 1632.612 1305.483 42.898 0
220050000 400558 1664.577 986.7877 41.518 0
220050000 400558 1609.148 1605.436 41.925 0
220050000 400558 1141.954 1036.604 50.891 0
220050000 400558 1801.453 1663.482 41.637 0
220050000 400558 1440.951 995.1083 41.774 0
220050000 400558 1243.896 1077.061 51.713 0
220050000 400558 1479.28 1643.562 42.504 0
220050000 400558 1451.375 946.0603 44.034 0
220050000 400558 1292.923 1640.494 41.655 0
220050000 400558 1279.527 1303.009 42.635 0
220050000 400558 1701.081 674.8981 41.05 0
220050000 400558 1422.704 1565.919 44.04 0
220050000 400558 1260.371 684.9556 70.901 0
220050000 400558 1287.312 1572.162 43.121 0
220050000 400558 2094.922 1102.004 56.783 0
220050000 400558 1061.851 1546.767 42.871 0
220050000 400558 1124.173 1077.074 43.547 0
220050000 400558 1416.043 769.664 73.027 0
220050000 400558 1198.386 676.6271 83.111 0
220050000 400558 1066.292 1052.01 56.952 0
220050000 400558 1060.735 951.2402 56.143 0
220050000 400558 1136.684 1439.382 44.348 0
220050000 400558 1227.099 1619.783 51.823 0
220050000 400558 1265.961 838.5971 57.098 0
220050000 400558 1548.686 1628.918 45.693 0
220050000 400558 1412.559 1670.291 46.505 0
220050000 400558 1239.091 1242.003 41.966 0
220050000 400558 1556.584 1383.078 41.564 0
220050000 400558 1194.149 1495.832 52.862 0
220050000 400558 1379.509 1579.412 42.628 0
220050000 400558 1462.188 1488.29 41.668 0
220050000 400558 2017.802 1186.867 62.394 0
220050000 400558 1094.53 1186.183 43.787 0
220050000 400558 1368.943 1500.831 42.423 0
220050000 400558 1467.446 768.0936 76.616 0
220050000 400558 1050.388 871.7813 65.57 0
220050000 400558 857.7088 1093.815 54.697 0
220050000 400558 1561.689 553.5096 55.657 0
220050000 400558 1384.993 823.0078 68.203 0
220050000 400558 1128.255 1610.543 45.86 0
220050000 400558 1946.229 655.6021 43.016 0
220050000 400558 1915.805 764.4224 41.065 0
220050000 400558 1278.483 1191.455 41.584 0
220050000 400558 1003.823 1115.227 52.483 0
220050000 400558 937.6425 1296.919 48.82 0
220050000 400558 822.0847 1032.888 51.849 0
220050000 400558 1141.066 1166.729 49.707 0
220050000 400558 1290.135 793.7661 60.551 0
220050000 400558 2059.491 740.5463 52.283 0
220050000 400558 1179.861 1673.631 43.006 0
220050000 400558 1792.881 1775.122 44.155 0
220050000 400558 1605.964 755.0556 41.399 0
220050000 400558 1390.495 918.3934 48.563 0
220050000 400558 926.8467 1069.786 59.575 0
220050000 400558 1382.843 1056.354 41.658 0
220050000 400558 1649.641 1489.723 42.41 0
220050000 400558 1069.408 1381.484 41.525 0
220050000 400558 1752.422 563.6509 64.501 0
220050000 400558 1295.815 724.3372 61.516 0
220050000 400558 1519.021 1208.893 51.238 0
220050000 400558 1844.225 1365.372 41.637 0
220050000 400558 1208.612 1387.131 41.54 0
220050000 400558 1862.193 912.3571 60.951 0
220050000 400558 1069.081 1301.265 60.533 0
220050000 400558 911.7968 1152.234 49.42 0
220050000 400558 1165.509 896.9168 81.234 0
220050000 400558 1873.998 1052.983 43.101 0
220050000 400558 1379.899 1382.912 42.063 0
220050000 400558 1255.275 951.6058 47.162 0
220050000 400558 1908.142 563.8304 53.034 0
220050000 400558 1641.6 1554.484 44.002 0
220050000 400558 1002.88 1206.442 43.357 0
220050000 400558 2019.032 800.388 41.069 0
220050000 400558 1371.551 681.4815 83.21 0
220050000 400558 1005.004 1453.851 41.332 0
220050000 400558 1094.214 1497.089 41.171 0
220050000 400558 1023.028 1030.279 68.201 0
220050000 400558 1997.949 1365.225 60.5 0
220050000 400558 1777.354 1481.95 41.225 0
# Subella
220050000 400659 1374.648 954.3517 42.633 0
220050000 400659 1616.081 1845.427 40.122 0
220050000 400659 1081.979 1746.285 41.805 0
220050000 400659 2084.485 1212.375 75.082 0
220050000 400659 1722.745 1748.599 43.402 0
220050000 400659 1096.318 1798.481 41.908 0
220050000 400659 1345.667 1008.045 40.956 0
220050000 400659 1597.062 1348.786 45.577 0
220050000 400659 1550.844 1794.991 41.767 0
220050000 400659 1386.394 1732.852 57.202 0
220050000 400659 1669.989 1646.4 54.617 0
220050000 400659 1874.384 1441.628 60.453 0
220050000 400659 1226.788 1659.535 46.436 0
220050000 400659 1736.781 1835.005 42.623 0
220050000 400659 1469.227 1724.158 41.892 0
220050000 400659 1243.016 1762.136 43.344 0
220050000 400659 1252.491 764.431 60.089 0
220050000 400659 1028.79 871.4521 64.341 0
220050000 400659 1705.327 1026.027 42.322 0
220050000 400659 2097.927 706.6213 57.21 0
220050000 400659 1669.825 1921.955 58.408 0
220050000 400659 1076.253 1700.051 41.972 0
220050000 400659 1451.255 846.491 55.342 0
220050000 400659 1788.653 1860.425 51.84 0
220050000 400659 1573.27 1539.965 42.613 0
220050000 400659 2036.39 656.8683 50.926 0
220050000 400659 1390.715 1688.446 43.197 0
220050000 400659 1585.857 1713.912 50.883 0
220050000 400659 1593.874 1799.81 42.445 0
220050000 400659 1053.133 1190.615 43.91 0
220050000 400659 1815.661 1560.343 46.751 0
220050000 400659 1541.46 641.8459 59.01 0
220050000 400659 1636.594 510.9462 62.661 0
220050000 400659 1277.325 1804.196 50.112 0
220050000 400659 1464.773 916.1127 44.941 0
220050000 400659 1647.241 1876.111 52.828 0
220050000 400659 1432.765 1777.622 54.443 0
220050000 400659 1166.795 1066.775 41.733 0
220050000 400659 2112.913 975.6494 56.408 0
220050000 400659 1158.606 1394.342 44.475 0
220050000 400659 964.7758 1080.418 52.098 0
220050000 400659 1183.473 1195.458 42.932 0
220050000 400659 1281.484 897.6738 47.193 0
220050000 400659 1326.701 1717.515 42.118 0
220050000 400659 1512.154 1696.697 42.142 0
220050000 400659 870.4279 1256.786 50.873 0
220050000 400659 1082.746 1264.214 56.869 0
220050000 400659 1264.298 1134.597 41.112 0
220050000 400659 970.2401 1185.812 42.305 0
220050000 400659 1948.966 1216.115 42.641 0
220050000 400659 982.8179 1255.276 48.259 0
220050000 400659 1228.888 1724.297 44.425 0
220050000 400659 1868.815 535.6937 54.462 0
220050000 400659 2125.235 805.3746 52.549 0
220050000 400659 1397.336 1169.843 44.007 0
220050000 400659 1682.562 1796.995 47.499 0
220050000 400659 1474.411 1795.808 45.84 0
220050000 400659 1218.432 986.4578 44.589 0
220050000 400659 1478.265 1245.789 42.675 0
220050000 400659 1930.246 628.2176 44.33 0
220050000 400659 1696.947 1861.024 47.543 0
220050000 400659 1799.01 579.2698 62.969 0
220050000 400659 1943.899 1368.976 54.923 0
220050000 400659 1102.967 964.5046 54.008 0
220050000 400659 2075.2 1022.392 61.247 0
220050000 400659 1616.765 583.7394 50.362 0
220050000 400659 1514.519 864.5577 48.787 0
220050000 400659 1858.374 1599.217 51.032 0
220050000 400659 1055.817 1100.047 43.008 0
220050000 400659 1379.916 743.6024 76.582 0
# Grobule
220050000 400660 484.8701 1906.456 273.867 0
220050000 400660 368.2943 2965.554 256.16 0
220050000 400660 288.6637 2136.11 309.151 0
220050000 400660 729.3785 1874.148 301.342 0
220050000 400660 255.8075 2744.065 259.4 0
220050000 400660 41.21514 2469.481 244.164 0
220050000 400660 159.3945 2550.867 228.22 0
220050000 400660 172.6193 2109.516 319.089 0
220050000 400660 574.0835 2070.339 277.343 0
220050000 400660 347.9759 2257.024 298.985 0
220050000 400660 167.967 1693.936 274.292 0
220050000 400660 735.2688 2074.193 316.043 0
220050000 400660 224.1507 1909.291 269.24 0
220050000 400660 117.0148 1761.278 283.403 0
220050000 400660 472.1119 1762.195 281.081 0
220050000 400660 258.7321 2694.579 262.653 0
220050000 400660 512.8483 2854.699 249.636 0
220050000 400660 664.0239 1997.542 299.725 0
220050000 400660 417.5487 2163.296 319.757 0
220050000 400660 751.7843 2114.08 336.294 0
220050000 400660 541.8879 1984.74 273.868 0
220050000 400660 164.0558 2830.51 262.255 0
220050000 400660 171.957 2308.549 268.669 0
220050000 400660 318.9345 2031.352 260.055 0
220050000 400660 324.9623 2562.715 211.291 0
220050000 400660 419.8273 1974.268 261.114 0
220050000 400660 623.194 2812.383 256.552 0
220050000 400660 239.5268 2611.76 274.481 0
220050000 400660 150.584 2633.617 286.144 0
220050000 400660 825.0531 2811.551 280.087 0
220050000 400660 585.7986 2866.547 253.236 0
220050000 400660 604.5543 2093.834 302.189 0
220050000 400660 559.3127 1730.342 268.464 0
220050000 400660 161.7323 1913.682 270.662 0
220050000 400660 92.7429 2309.472 257.516 0
220050000 400660 275.0094 2472.174 203 0
220050000 400660 305.2585 1793.887 277.176 0
220050000 400660 100.8272 2642.028 288.005 0
220050000 400660 180.4674 2729.056 263.225 0
220050000 400660 650.137 2977.541 253.848 0
220050000 400660 407.2457 2678.016 223.842 0
220050000 400660 508.1499 1771.555 286.855 0
220050000 400660 228.3849 2797.242 258.723 0
220050000 400660 462.6734 2002.533 272.337 0
220050000 400660 670.7114 2764.643 256.836 0
220050000 400660 522.4822 2717.486 275.498 0
220050000 400660 286.9225 1899.701 259.139 0
220050000 400660 634.3788 1872.202 273.442 0
220050000 400660 678.9851 2819.994 256.435 0
220050000 400660 72.72272 1872.744 280.165 0
220050000 400660 350.5977 2112.252 294.917 0
220050000 400660 147.1403 2673.249 281.322 0
220050000 400660 416.0754 2042.328 261.848 0
220050000 400660 358.904 1706.439 234.612 0
220050000 400660 423.0624 1881.601 259.548 0
220050000 400660 670.9271 2855.784 255.1 0
220050000 400660 291.8946 1735.719 286.251 0
220050000 400660 195.47 2604.316 285.03 0
220050000 400660 236.7373 1730.363 291.842 0
220050000 400660 397.3324 2153.692 307.483 0
220050000 400660 416.2068 2826.64 253.005 0
220050000 400660 339.961 2152.878 306.692 0
220050000 400660 361.7993 1876.313 275.14 0
220050000 400660 461.041 2865.891 251.103 0
220050000 400660 241.278 2852.665 260.76 0
220050000 400660 312.1974 2679.295 255.737 0
220050000 400660 603.3669 2922.329 254.44 0
220050000 400660 92.22302 2758.721 264.087 0
220050000 400660 259.3577 2090.174 320.283 0
220050000 400660 774.9789 2936.991 280.829 0
220050000 400660 178.3437 1967.069 289.409 0
220050000 400660 589.2643 2696.653 285.505 0
220050000 400660 746.287 2841.887 269.545 0
220050000 400660 269.8574 2161.956 344.387 0
220050000 400660 429.8677 2280.927 327.291 0
220050000 400660 375.8644 2024.684 276.35 0
220050000 400660 281.8736 2584.184 278.324 0
220050000 400660 560.1018 1838.855 274.112 0
220050000 400660 268.8511 2913.037 252.278 0
220050000 400660 84.3109 2491.756 267.006 0
220050000 400660 99.0687 2270.629 256.925 0
220050000 400660 114.4569 1966.491 301.473 0
220050000 400660 254.2124 1998.313 273.3 0
220050000 400660 472.1589 2700.22 272.005 0
220050000 400660 682.7494 1808.158 280.814 0
220050000 400660 856.6686 2917.734 280.88 0
220050000 400660 344.6883 2672.918 253.297 0
220050000 400660 553.3663 2157.912 295.208 0
220050000 400660 594.6596 1956.528 270.323 0
220050000 400660 420.2605 1837.877 280.837 0
220050000 400660 174.9627 2577.882 282.753 0
220050000 400660 742.2251 2946.11 265.098 0
220050000 400660 307.4495 2808.172 251.782 0
220050000 400660 170.5206 2185.939 351.555 0
220050000 400660 206.4898 2648.818 264.901 0
220050000 400660 216.9352 2116.163 333.862 0
220050000 400660 495.2938 2131.006 297.092 0
220050000 400660 220.8926 2694.133 264.265 0
220050000 400660 881.0378 2875.181 280.88 0
220050000 400660 437.744 1655.467 224.008 0
220050000 400660 342.4039 2784.643 252.235 0
220050000 400660 458.5301 2209.642 314.183 0
220050000 400660 291.7599 2748.918 254.565 0
220050000 400660 395.5605 2280.197 332.197 0
220050000 400660 174.6149 2778.525 263.462 0
220050000 400660 39.20752 2284.52 261.942 0
220050000 400660 571.3065 1900.19 272.192 0
220050000 400660 295.7817 2230.498 287.79 0
220050000 400660 717.4982 2149.944 323.808 0
220050000 400660 242.467 2178.192 272.119 0
220050000 400660 369.8261 2759.899 249.257 0
220050000 400660 272.3691 1821.458 282.673 0
220050000 400660 382.362 1791.712 293.104 0
220050000 400660 73.75262 1694.291 269.733 0
220050000 400660 179.9345 2237.164 254.002 0
220050000 400660 231.6958 2545.252 277.84 0
220050000 400660 692.824 2967.295 259.349 0
220050000 400660 637.5079 2138.385 299.394 0
220050000 400660 489.976 2226.24 300.503 0
220050000 400660 648.0835 2069.179 286.564 0
220050000 400660 271.4397 1667.463 275.666 0
220050000 400660 599.9972 1742.773 275.633 0
220050000 400660 466.411 2070.688 279.184 0
220050000 400660 803.8638 2004.346 313.733 0
220050000 400660 673.7998 2922.72 257.722 0
220050000 400660 208.1974 2046.981 262.029 0
220050000 400660 134.6978 2129.302 328.88 0
220050000 400660 333.3494 2908.435 254.377 0
220050000 400660 375.4732 2212.588 305.317 0
220050000 400660 175.8614 1788.94 268.251 0
220050000 400660 772.5813 1941.775 307.396 0
220050000 400660 268.8711 1932.29 274.533 0
220050000 400660 741.3466 1990.675 290.293 0
220050000 400660 699.2377 2094.467 303.114 0
220050000 400660 684.3572 2151.821 328.951 0
220050000 400660 366.359 2285.686 349.614 0
# Pressa
220050000 400759 1495.319 2148.199 42.968 0
220050000 400759 1108.462 2090.076 71.629 0
220050000 400759 1165.272 2093.677 61.185 0
220050000 400759 1378.841 2232.755 42.362 0
220050000 400759 1140.54 1868.972 81.275 0
220050000 400759 1393.942 2189.627 55.11 0
220050000 400759 1697.362 2311.151 28.347 0
220050000 400759 1694.569 2074.357 41.252 0
220050000 400759 1061.744 1979.783 74.283 0
220050000 400759 1168.938 1988.414 72.918 0
220050000 400759 1104.156 2021.134 71.044 0
220050000 400759 1014.902 1774.572 72.758 0
220050000 400759 1096.783 1946.264 74.573 0
220050000 400759 1059.703 2057.048 74.833 0
220050000 400759 1160.302 1945.848 84.026 0
220050000 400759 1132.964 1915.471 75.536 0
220050000 400759 1555.495 2162.282 42.127 0
220050000 400759 1429.909 2228.008 39.257 0
220050000 400759 1168.172 1831.904 84.822 0
220050000 400759 1235.702 2136.627 50.084 0
220050000 400759 1604.395 2037.923 50.599 0
220050000 400759 1296.948 2198.753 49.147 0
# Kukar
220050000 400762 807.6741 1259.85 41.28 0
220050000 400762 778.187 1186.763 43.549 0
220050000 400762 603.4061 1095.415 60.991 0
220050000 400762 550.5486 1224.288 71.265 0
220050000 400762 786.9143 1469.354 45.217 0
220050000 400762 582.7372 951.1061 64.604 0
220050000 400762 713.3084 1119.386 40.588 0
220050000 400762 608.8613 1279.401 72.297 0
220050000 400762 821.0126 1383.931 44.569 0
220050000 400762 854.5407 1295.281 41.665 0
220050000 400762 723.2711 902.3541 43.217 0
220050000 400762 678.8292 1181.306 50.134 0
220050000 400762 677.186 1256.206 62.374 0
220050000 400762 726.7919 1375.087 59.779 0
220050000 400762 647.4861 1039.952 44.644 0
220050000 400762 630.0263 1450.735 84.833 0
220050000 400762 837.8413 1205.295 41.6 0
220050000 400762 554.1736 1312.822 73.594 0
220050000 400762 594.1025 1185.492 58.327 0
220050000 400762 646.8043 1153.008 51.155 0
220050000 400762 826.0923 1106.86 41.291 0
220050000 400762 645.6305 859.0905 45.239 0
220050000 400762 654.7228 1330.726 66.016 0
220050000 400762 699.7173 1027.432 41.944 0
220050000 400762 788.1757 1301.886 44.469 0
220050000 400762 701.4551 953.1647 45.882 0
220050000 400762 610.4916 1240.836 67.064 0
220050000 400762 762.3144 969.5208 51.915 0
220050000 400762 736.9537 1254.252 44.843 0
220050000 400762 783.8376 1031.247 48.751 0
220050000 400762 61.2673 782.1741 120.155 0
220050000 400762 159.4691 2076.478 332.304 0
220050000 400762 162.2586 852.7806 104.497 0
220050000 400762 569.1647 1569.098 207.914 0
220050000 400762 510.6872 1506.425 185.97 0
220050000 400762 371.9549 1176.751 114.881 0
220050000 400762 472.2792 1659.265 221.668 0
220050000 400762 761.3124 2053.268 320.765 0
220050000 400762 55.09245 1154.467 174.756 0
220050000 400762 361.8381 2178.492 307.045 0
220050000 400762 683.1622 2107.906 318.821 0
220050000 400762 699.1167 1958.04 298.086 0
220050000 400762 242.9138 1491.878 180.571 0
220050000 400762 695.3376 2026.416 299.24 0
220050000 400762 546.6543 1663.58 250.043 0
220050000 400762 442.7066 2928.202 258.174 0
220050000 400762 103.5504 1888.157 290.186 0
220050000 400762 112.0776 2806.516 268.225 0
220050000 400762 66.62259 1614.691 216.094 0
220050000 400762 198.2473 1864.164 283.111 0
220050000 400762 446.5046 1407.826 198.531 0
220050000 400762 557.434 1601.315 200.782 0
220050000 400762 464.2787 1849.067 277.75 0
220050000 400762 265.4229 1706.867 279.281 0
220050000 400762 377.1188 1274.788 153.158 0
220050000 400762 622.3038 1915.449 284.766 0
220050000 400762 271.2103 1334.394 154.058 0
220050000 400762 219.9953 2760.021 264.317 0
220050000 400762 204.2055 779.3027 100.489 0
220050000 400762 611.3787 2983.365 262.426 0
220050000 400762 535.0763 1889.482 273.197 0
220050000 400762 195.7646 1509.199 188.155 0
220050000 400762 404.9064 1613.247 192.132 0
220050000 400762 54.19106 2245.804 261.16 0
220050000 400762 889.5355 2912.997 284.888 0
220050000 400762 657.787 1962.475 297.254 0
220050000 400762 705.057 1867.748 300.618 0
220050000 400762 337.7867 2069.175 284.975 0
220050000 400762 410.3556 1690.711 230.2 0
220050000 400762 125.2266 1185.728 151.111 0
220050000 400762 513.4738 2179.352 315.156 0
220050000 400762 453.9204 1732.511 267.746 0
220050000 400762 250.8246 2204.009 275.666 0
220050000 400762 307.5972 1456.479 170.751 0
220050000 400762 317.4497 1676.614 259.316 0
220050000 400762 87.0416 1711.108 282.054 0
220050000 400762 639.4079 2778.611 262.573 0
220050000 400762 408.1055 1523.289 180.07 0
220050000 400762 624.3555 1812.501 273.328 0
220050000 400762 906.1108 2878.867 275.284 0
220050000 400762 265.9687 2541.208 280.786 0
220050000 400762 452.529 1482.642 196.221 0
220050000 400762 408.5073 1371.612 182.942 0
220050000 400762 353.4073 1423.344 179.43 0
220050000 400762 78.16971 2665.149 292.626 0
220050000 400762 218.1236 1964.525 274.079 0
220050000 400762 343.2065 1780.216 293.005 0
220050000 400762 221.2083 1660.999 284.763 0
220050000 400762 249.7037 1540.982 180.601 0
220050000 400762 401.597 2245.265 333.221 0
220050000 400762 146.0386 1063.228 144.014 0
220050000 400762 259.3691 2039.24 281.054 0
220050000 400762 150.0853 1364.127 138.998 0
220050000 400762 317.6621 1102.351 102.527 0
220050000 400762 460.258 1786.682 298.054 0
220050000 400762 219.1722 929.4714 100.899 0
220050000 400762 450.7878 1089.022 95.952 0
220050000 400762 207.4011 1338.335 141.817 0
220050000 400762 323.9176 2615.356 264.917 0
220050000 400762 550.5519 1926.405 272.193 0
220050000 400762 197.5009 1282.722 137.36 0
220050000 400762 216.7501 1468.912 161.17 0
220050000 400762 470.8235 1980.333 271.769 0
220050000 400762 347.2108 1481.773 174.418 0
220050000 400762 137.0459 2285.01 263.336 0
220050000 400762 123.7915 2412.979 270.891 0
220050000 400762 526.8278 2104.655 295.336 0
220050000 400762 97.97281 1434.494 163.709 0
220050000 400762 313.8148 2910.782 257.702 0
220050000 400762 103.8265 1264.895 159.146 0
220050000 400762 804.4662 2863.291 276.379 0
220050000 400762 227.2389 2149.475 338.956 0
220050000 400762 554.8362 1514.978 203.382 0
220050000 400762 308.5449 1494.426 173.444 0
220050000 400762 166.5509 1739.782 287.501 0
220050000 400762 391.7135 977.3508 88.027 0
220050000 400762 38.13309 1365.873 153.878 0
220050000 400762 449.7369 2132.095 304.189 0
220050000 400762 190.5333 2618.488 289.276 0
220050000 400762 462.8708 1592.319 187.345 0
220050000 400762 415.3575 2083.614 284.804 0
220050000 400762 348.9677 1220.873 149.738 0
220050000 400762 175.1112 1565.135 188.522 0
220050000 400762 189.9276 2855.84 264.013 0
220050000 400762 62.10336 662.0958 111.104 0
220050000 400762 62.31868 1322.013 151.843 0
220050000 400762 496.1158 2730.466 276.775 0
220050000 400762 625.5786 2728.467 290.174 0
220050000 400762 274.129 997.976 93.948 0
220050000 400762 261.46 1401.811 154.896 0
220050000 400762 528.7711 1593.326 195.724 0
220050000 400762 266.6715 1603.689 186.719 0
220050000 400762 310.8349 1877.754 273.639 0
220050000 400762 220.7294 1608.062 198.781 0
220050000 400762 178.646 1420.402 149.365 0
220050000 400762 155.9103 929.7693 109.065 0
220050000 400762 299.0139 2101.188 314.21 0
220050000 400762 89.11723 899.1288 117.482 0
220050000 400762 443.1051 2804.613 257.471 0
220050000 400762 526.9956 1804.415 285.754 0
220050000 400762 361.1831 1560.516 178.338 0
220050000 400762 667.8257 1768.75 272.757 0
220050000 400762 436.1604 1932.671 274.797 0
220050000 400762 336.559 1312.301 180.58 0
220050000 400762 337.5248 1627.339 196.823 0
220050000 400762 213.3336 1819.363 280.268 0
220050000 400762 699.208 2863.844 268.907 0
220050000 400762 311.5873 1191.54 133.852 0
220050000 400762 826.1548 1971.346 330.893 0
220050000 400762 323.739 1536.553 181.04 0
220050000 400762 331.4093 1583.172 179.837 0
220050000 400762 88.19978 1395.184 147.689 0
220050000 400762 138.8821 1515.71 178.248 0
220050000 400762 330.2059 2747.949 255.888 0
220050000 400762 450.2044 1323.659 176.171 0
220050000 400762 75.21584 1547.436 225.926 0
220050000 400762 318.6647 2863.295 253.001 0
220050000 400762 119.3421 716.6733 106.937 0
220050000 400762 696.9199 2992.224 263.045 0
220050000 400762 606.5474 2029.911 296.355 0
220050000 400762 327.7995 1361.074 178.735 0
220050000 400762 135.4218 1815.34 289.663 0
220050000 400762 612.0312 1707.711 279.362 0
220050000 400762 574.3318 2892.921 258.426 0
220050000 400762 517.7284 2051.155 291.979 0
220050000 400762 220.3811 1200.176 135.394 0
# Leopis
220050000 400763 1810.456 150.6222 228.526 0
220050000 400763 2034.999 276.7153 231.35 0
220050000 400763 1771.062 230.1516 201.285 0
220050000 400763 1565.597 257.0847 238.393 0
220050000 400763 2107.727 380.1113 229.844 0
220050000 400763 934.8055 610.3565 88.042 0
220050000 400763 1433.779 181.347 244.904 0
220050000 400763 989.1968 538.5184 105.088 0
220050000 400763 1455.464 419.2194 217.712 0
220050000 400763 1684.89 339.28 199.856 0
220050000 400763 1372.938 462.4735 227.08 0
220050000 400763 1062.467 556.0999 132.437 0
220050000 400763 1904.83 293.7426 217.987 0
220050000 400763 1498.502 138.895 257.35 0
220050000 400763 2033.823 92.65057 245.194 0
220050000 400763 715.8928 436.115 30.612 0
220050000 400763 1302.897 439.2795 175.467 0
220050000 400763 2132.748 432.1259 216.699 0
220050000 400763 1527.444 236.9013 239.91 0
220050000 400763 1099.52 722.4609 160.865 0
220050000 400763 1386.334 301.4633 230.833 0
220050000 400763 875.8452 694.4755 149.602 0
220050000 400763 1495.544 85.8317 250.372 0
220050000 400763 2024.651 396.3066 211.235 0
220050000 400763 962.0366 642.8795 128.523 0
220050000 400763 943.2803 551.4476 88.605 0
220050000 400763 1127.729 409.7508 161.826 0
220050000 400763 1206.764 377.2594 185.681 0
220050000 400763 953.7847 502.3175 105.34 0
220050000 400763 1080.206 630.688 173.563 0
220050000 400763 1927.398 89.33044 237.31 0
220050000 400763 1509.127 374.6696 242.208 0
220050000 400763 1941.085 237.5249 219.91 0
220050000 400763 1959.215 350.3529 218.531 0
220050000 400763 805.4474 791.379 175.026 0
220050000 400763 1959.796 446.9369 206.606 0
220050000 400763 825.1754 720.951 165.609 0
220050000 400763 1577.615 294.2859 218.462 0
220050000 400763 1177.774 556.4783 148.318 0
220050000 400763 1031.096 689.6705 147.133 0
220050000 400763 1207.855 125.6853 247.344 0
220050000 400763 2097.24 457.4176 212.083 0
220050000 400763 2085.655 209.3152 225.726 0
220050000 400763 1154.467 472.8887 156.786 0
220050000 400763 1212.168 271.4372 227.977 0
220050000 400763 1308.128 123.4264 240.752 0
220050000 400763 1295.571 176.5283 224.729 0
220050000 400763 859.3108 755.486 159.606 0
220050000 400763 813.6979 532.726 49.202 0
220050000 400763 2117.137 499.8756 227.921 0
220050000 400763 1155.823 236.7584 245.751 0
220050000 400763 1412.291 252.1614 237.199 0
220050000 400763 877.51 457.7635 99.747 0
220050000 400763 660.3124 555.3359 33.037 0
220050000 400763 1336.577 348.3787 222.158 0
220050000 400763 734.4749 524.5744 32.242 0
220050000 400763 871.9352 600.4888 58.013 0
220050000 400763 978.4708 733.4552 155.058 0
220050000 400763 1011.41 311.4427 145.519 0
220050000 400763 1543.121 355.3247 245.083 0
220050000 400763 1104.512 299.7002 162.043 0
220050000 400763 1993.595 229.3916 224.001 0
220050000 400763 1828.699 330.9932 221.453 0
220050000 400763 1650.367 189.4025 214.141 0
220050000 400763 880.1495 360.1292 122.431 0
220050000 400763 1279.067 372.7593 187.804 0
220050000 400763 746.9999 636.8571 49.17 0
220050000 400763 648.4891 626.2164 22.588 0
# Rask
220050000 400858 1823.427 678.6987 39.848 0
220050000 400858 2063.087 913.519 40.04 0
220050000 400858 1379.584 1008.611 40.29 0
220050000 400858 1485.414 1708.027 40.504 0
220050000 400858 1669.963 1165.316 40.165 0
220050000 400858 1714.883 1828.963 40.379 0
220050000 400858 1376.734 1453.359 40.216 0
220050000 400858 1904.328 1061.657 39.848 0
220050000 400858 1671.465 1378.11 40.29 0
220050000 400858 1338.016 1506.328 40.504 0
220050000 400858 1992.692 995.6566 39.848 0
220050000 400858 1321.089 1694.949 40.504 0
220050000 400858 1974.172 757.6903 39.723 0
220050000 400858 1238.627 1392.292 40.165 0
220050000 400858 1841.743 1291.009 40.132 0
220050000 400858 1091.947 1661.407 40.254 0
220050000 400858 1503.321 1058.002 40.165 0
220050000 400858 1647.979 1815.249 40.254 0
220050000 400858 1627.796 784.3089 39.598 0
220050000 400858 1172.991 1756.206 40.177 0
220050000 400858 1566.587 1597.076 40.504 0
220050000 400858 1221.85 1190.641 40.165 0
220050000 400858 1456.62 1152.898 40.093 0
220050000 400858 1678.377 733.1594 39.848 0
220050000 400858 1102.056 1404.58 40.254 0
220050000 400858 1567.213 1266.442 40.29 0
220050000 400858 1648.323 1044.424 39.848 0
220050000 400858 1265.198 1758.636 40.504 0
220050000 400858 1534.415 996.8542 39.848 0
220050000 400858 1832.643 1088.466 39.598 0
220050000 400858 1645.434 678.6686 39.938 0
220050000 400858 1587.848 901.606 39.848 0
220050000 400858 2005.75 848.9654 39.848 0
220050000 400858 1381.729 1630.996 40.485 0
220050000 400858 1349.937 1224.068 40.04 0
220050000 400858 1752.122 1789.121 40.379 0
220050000 400858 1812.42 1155.676 39.848 0
220050000 400858 1016.857 1489.56 40.254 0
220050000 400858 1805.103 1430.549 39.848 0
220050000 400858 1400.055 1332.215 40.04 0
220050000 400858 1948.614 1123.004 40.165 0
220050000 400858 1764.245 1259.938 40.29 0
220050000 400858 1060.69 1578.243 40.379 0
220050000 400858 1746.438 1521.701 40.04 0
220050000 400858 1138.332 1687.099 40.254 0
220050000 400858 1702.611 1286.597 39.848 0
220050000 400858 1738.418 1100.056 40.082 0
220050000 400858 1765.623 1688.556 40.254 0
220050000 400858 1574.857 1148.679 39.723 0
220050000 400858 1884.637 687.1264 39.723 0
220050000 400858 1516.14 1756.207 40.379 0
220050000 400858 1765.999 679.194 39.723 0
220050000 400858 1570.714 1839.965 40.379 0
220050000 400858 1516.285 1437.59 40.04 0
# Carpen
220050000 400859 2527.852 2793.02 7.006 0
220050000 400859 2604.973 2762.921 5.84 0
220050000 400859 2844.555 2657.529 6.109 0
220050000 400859 2407.045 2885.195 6.359 0
220050000 400859 2358.992 2950.53 4.497 0
220050000 400859 2730.691 2798.948 22.254 0
220050000 400859 2458.426 2842.168 6.689 0
220050000 400859 2678.447 2781.569 19.358 0
220050000 400859 2868.901 2721.459 8.452 0
220050000 400859 2821.556 2731.475 7.912 0
220050000 400859 809.2656 1353.871 37.46 0
220050000 400859 1250.575 1008.828 50.392 0
220050000 400859 873.8827 1224.575 37.46 0
220050000 400859 665.3269 973.5705 37.335 0
220050000 400859 1157.118 1284.825 41.413 0
220050000 400859 741.4905 1420.995 37.46 0
220050000 400859 759.3808 1140.937 37.46 0
220050000 400859 1160.984 1351.06 41.458 0
220050000 400859 736.7051 1507.858 37.46 0
220050000 400859 1105.161 1103.462 41.333 0
220050000 400859 713.9481 1080.032 37.71 0
220050000 400859 1173.256 1110.523 50.026 0
220050000 400859 1022.403 1156.079 39.553 0
220050000 400859 951.8488 1223.88 39.77 0
220050000 400859 783.1485 1238.703 37.46 0
220050000 400859 1337.473 1118.506 50.401 0
220050000 400859 1068.625 1143.807 39.978 0
220050000 400859 1315.834 965.5461 40.583 0
220050000 400859 824.5753 1162.533 37.46 0
220050000 400859 690.7369 881.063 37.335 0
220050000 400859 452.7889 318.1999 11.081 0
220050000 400859 603.4049 324.2238 11.026 0
220050000 400859 652.1744 786.3588 11.081 0
220050000 400859 566.4968 432.6288 9.062 0
220050000 400859 593.0906 386.0528 11.409 0
220050000 400859 575.6869 612.3344 9.187 0
220050000 400859 651.1951 226.9021 10.956 0
220050000 400859 193.2227 398.6372 9.066 0
220050000 400859 599.7466 249.2851 10.956 0
220050000 400859 272.7066 340.9659 11.206 0
220050000 400859 585.3428 208.0254 11.331 0
220050000 400859 703.7866 173.6527 10.509 0
220050000 400859 258.797 390.3895 11.206 0
220050000 400859 775.924 227.2072 10.981 0
220050000 400859 352.1465 347.4054 11.029 0
220050000 400859 144.4925 406.775 11.318 0
220050000 400859 102.9445 362.0317 11.081 0
220050000 400859 425.4836 374.2079 10.956 0
220050000 400859 475.88 355.1958 9.062 0
220050000 400859 135.2062 325.1284 11.171 0
220050000 400859 155.5953 362.0132 11.661 0
220050000 400859 818.7517 193.7431 10.206 0
220050000 400859 231.8293 308.585 10.957 0
220050000 400859 576.2244 509.2084 9.062 0
220050000 400859 520.1823 370.6961 10.956 0
220050000 400859 390.2683 358.4906 9.062 0
220050000 400859 590.0237 749.0509 11.245 0
220050000 400859 543.1043 687.5011 8.862 0
220050000 400859 319.3564 376.3242 11.093 0
220050000 400859 522.6145 289.1054 10.956 0
# Huge Theonia
220050000 401151 2287.6 1474.47 42.085 0
220050000 401151 2304.39 1398.52 30.545 0
220050000 401151 2332.05 1534.57 37.805 0
220050000 401151 2340.94 1324.1 32.965 0
220050000 401151 2343.15 1468.41 37.215 0
220050000 401151 2350.03 1310.06 33.895 0
220050000 401151 2378.75 1302.51 37.665 0
220050000 401151 2403.17 1293.43 44.535 0
220050000 401151 2411.89 1467.91 24.405 0
220050000 401151 2421.1 1666.32 27.675 0
220050000 401151 2425.78 1577.31 30.465 0
220050000 401151 2437.42 1293.47 37.675 0
220050000 401151 2461.85 1312.1 36.575 0
220050000 401151 2598.87 1367.67 31.705 0
220050000 401151 2659.48 1630.37 25.175 0
220050000 401151 2684.18 1510.18 32.455 0
220050000 401151 2750.93 1443.01 38.075 0
220050000 401151 2873.18 1442.19 48.455 0
220050000 401151 2916.98 1260.64 58.535 0
# Red Rose
220050000 401152 737.17 2647.7 105.435 0
220050000 401152 822.2 2594.75 108.765 0
220050000 401152 911.09 2534.22 99.655 0
