# Gathering spawns by LIONz.
# Data from aiondatabase - 02/12/2009

#Reshanta

#Gold
400010000 400102 1630.151 1467.1 1540.8026 0
400010000 400102 1396.018 1460.606 1555.6755 0
400010000 400102 1469.331 1547.858 1546.3062 0
400010000 400102 1551.698 1546.591 1542.6555 0
400010000 400102 3547.61 3105.893 1534.662 0
400010000 400102 1462.487 1569.83 1545.9576 0
400010000 400102 3420.985 3007.643 1541.614 0
400010000 400102 1431.253 1479.655 1551.471 0
400010000 400102 3097.709 3412.652 1527.2395 0
400010000 400102 1593.128 1368.512 1534.0464 0
400010000 400102 1548.14 1448.602 1536.6724 0
400010000 400102 3236.814 3441.533 1539.7008 0
400010000 400102 3204.814 3360.908 1533.188 0
400010000 400102 3203.814 3507.783 1546.5958 0
400010000 400102 3485.86 3062.518 1538.5509 0
400010000 400102 1440.41 1512.631 1551.7335 0
400010000 400102 1511.648 1620.67 1554.4972 0
400010000 400102 1540.943 1486.413 1539.2887 0
400010000 400102 1595.78 1513.993 1534.5465 0
400010000 400102 1430.65 1660.532 1547.4175 0
400010000 400102 3242.189 3324.033 1532.9899 0
400010000 400102 1493.034 1575.448 1546.9146 0
400010000 400102 1476.425 1613.562 1552.0609 0
400010000 400102 3627.61 3030.393 1544.7787 0
400010000 400102 3525.36 2962.893 1531.7322 0
400010000 400102 1474.117 1645.752 1553.478 0

#Platinum
400010000 400103 1233.875 2022.375 2879.7092 0
400010000 400103 383.25 3383.125 2822.6484 0
400010000 400103 2740.104 596.7556 2914.7542 0
400010000 400103 713.5 3456.625 2891.4746 0
400010000 400103 2693.551 1678.259 2873.7502 0
400010000 400103 712.9689 805.3787 1664.0077 0
400010000 400103 1109.625 2068 2876.967 0
400010000 400103 571.125 2017.5 2730.6624 0
400010000 400103 1258.625 2054.625 2880.1738 0
400010000 400103 1032.125 3227.125 2984.8677 0
400010000 400103 1132.875 2024.5 2877.7573 0
400010000 400103 709.777 963.9567 1675.7218 0
400010000 400103 2707.31 669.183 2920.6409 0
400010000 400103 951.25 2800 3055.0933 0
400010000 400103 620.625 2090.875 2733.5073 0
400010000 400103 735.125 3512.125 2889.3577 0
400010000 400103 973.875 2065.125 2859.8608 0
400010000 400103 2564.533 1548.996 2908.3345 0
400010000 400103 866.875 3306.375 2977.6956 0
400010000 400103 655.25 1901 2715.7964 0
400010000 400103 677.7513 774.8023 1662.0884 0
400010000 400103 2643.46 674.203 2907.8538 0
400010000 400103 676.5 2013.5 2731.0864 0
400010000 400103 2660.921 644.7113 2910.3074 0
400010000 400103 2648.355 690.1059 2907.8538 0
400010000 400103 342.75 3396.875 2824.2437 0
400010000 400103 702.116 1017.049 1680.5469 0
400010000 400103 2443.784 1582.06 2880.3225 0
400010000 400103 626.875 1960 2721.8623 0
400010000 400103 1207.875 2144.375 2879.7175 0
400010000 400103 661 2129.75 2730.2742 0
400010000 400103 990.125 2003.125 2870.386 0
400010000 400103 1003.875 2053.875 2863.1628 0
400010000 400103 2481.609 1476.251 2900.0542 0
400010000 400103 431.25 2750.625 879.992 0
400010000 400103 636.625 2037.75 2732.9287 0
400010000 400103 599.8072 725.9852 1678.5997 0
400010000 400103 1053.875 2062.125 2867.1838 0
400010000 400103 498.625 2020.5 2738.4045 0
400010000 400103 631.875 2997.625 3035.2336 0
400010000 400103 2375.102 1743.435 2878.869 0
400010000 400103 808.5 2869.875 3119.8398 0
400010000 400103 699.625 2096.375 2727.845 0
400010000 400103 824.5 3312.875 22887.352 0
400010000 400103 571.25 2107.5 2733.5667 0
400010000 400103 1056.875 2144 2871.0452 0

# Titanium
400010000 400204 1035.288 1985.41 1610.1567 0
400010000 400204 1071.305 1754.653 1590.6239 0
400010000 400204 1086.542 1578.182 1592.058 0
400010000 400204 1111.359 1570.431 1593.791 0
400010000 400204 1082.157 1967.013 1605.2678 0
400010000 400204 984.5323 1603.669 1604.9364 0
400010000 400204 801.4221 1626.576 1609.2626 0
400010000 400204 1091.119 1513.007 1600.2122 0
400010000 400204 1278.002 1629.527 1597.1981 0
400010000 400204 1034.044 1660.632 1592.0623 0
400010000 400204 977.2593 1663.453 1596.6997 0
400010000 400204 1215.856 1919.054 1610.1873 0
400010000 400204 1226.164 1816.611 1570.8629 0
400010000 400204 1007.758 1999.969 1613.5499 0
400010000 400204 1023.331 1824.723 1592.4362 0
400010000 400204 1300.127 1624.879 1484.9652 0
400010000 400204 979.331 1923.419 1604.6361 0
400010000 400204 932.3538 1814.869 1589.052 0
400010000 400204 791.5564 1840.424 1607.9043 0
400010000 400204 929.9492 1758.709 1589.2781 0
400010000 400204 1081.333 1638.178 1591.3622 0
400010000 400204 918.4361 1685.852 1594.8152 0
400010000 400204 1099.885 1882.757 1597.498 0
400010000 400204 951.7119 1752.463 1591.008 0
400010000 400204 1221.644 1625.8 1593.5435 0
400010000 400204 1068.692 1964.859 1606.4105 0
400010000 400204 907.9292 1470.863 1617.2792 0
400010000 400204 1089.997 1818.158 1583.4128 0
400010000 400204 851.2805 1717.084 1582.9363 0
400010000 400204 837.0198 1636.642 1607.6182 0
400010000 400204 1040.865 1896.47 1597.3824 0
400010000 400204 906.9692 1545.18 1606.3397 0
400010000 400204 1090.438 1693.143 1596.9025 0
400010000 400204 1170.859 1781.316 1580.9464 0
400010000 400204 1019.206 1795.878 1591.7664 0
400010000 400204 1062.294 1904.521 1598.2635 0
400010000 400204 989.4113 1836.216 1592.7186 0
400010000 400204 1120.293 1949.219 1600.1488 0
400010000 400204 1219.255 1653.228 1588.3195 0
400010000 400204 870.1835 1649.151 1601.7572 0
400010000 400204 1178.619 1698.958 1582.52 0
400010000 400204 965.1622 1721.962 1592.5337 0
400010000 400204 927.6024 1513.304 1607.7051 0
400010000 400204 900.1362 1821.934 1588.4875 0
400010000 400204 1015.509 1910.342 1600.31 0
400010000 400204 1023.902 1708.537 1595.9509 0
400010000 400204 834.8859 1810.053 1598.1868 0
400010000 400204 1022.607 1628.839 1602.0997 0
400010000 400204 915.8986 1622.979 1602.6467 0
400010000 400204 1198.494 1939.394 1606.634 0
400010000 400204 920.1382 1864.999 1587.964 0
400010000 400204 1169.863 1903.107 1599.8528 0
400010000 400204 936.0963 1693.398 1592.1266 0
400010000 400204 957.7222 1535.478 1604.9857 0
400010000 400204 801.2011 996.754 1659.7882 0
400010000 400204 710.3915 951.0334 1675.2612 0
400010000 400204 750.3554 933.269 1668.4779 0
400010000 400204 2212.097 3012.947 1676.0522 0
400010000 400204 1231.491 884.772 1479.1943 0
400010000 400204 1054.125 925.9814 1673.0338 0
400010000 400204 1208.684 972.826 1486.7833 0
400010000 400204 835.1358 710.2159 1675.5074 0
400010000 400204 704.5795 1049.807 1680.0588 0
400010000 400204 774.4005 608.9921 1685.0868 0
400010000 400204 1082.114 1325.056 1504.199 0
400010000 400204 1584.547 1361.221 1533.0219 0
400010000 400204 2341.597 3155.322 1664.3411 0
400010000 400204 738.8675 874.6868 1672.2269 0
400010000 400204 829.2623 894.8124 1669.9677 0
400010000 400204 1600.437 1449.789 1537.8029 0
400010000 400204 787.4772 1091.713 1688.0437 0
400010000 400204 1414.61 1424.741 1555.2126 0
400010000 400204 3050.089 1935.721 1462.8474 0
400010000 400204 972.7667 1027.217 1663.5696 0
400010000 400204 993.6085 813.3696 1668.6655 0
400010000 400204 786.3003 1031.713 1676.3728 0
400010000 400204 990.2163 937.8162 1666.6646 0
400010000 400204 2258.222 3079.072 1674.4646 0
400010000 400204 1058.406 979.3595 1680.3021 0
400010000 400204 750.4 752.4631 1665.9194 0
400010000 400204 652.2478 1033.097 1686.8785 0
400010000 400204 2115.847 3343.447 1667.389 0
400010000 400204 618.5721 988.5594 1690.5573 0
400010000 400204 852.1902 969.1827 1657.8575 0
400010000 400204 701.6066 1119.167 1685.8794 0
400010000 400204 1481.656 1514.844 1547.5814 0
400010000 400204 747.9239 679.0662 1677.0588 0
400010000 400204 897.5461 914.9497 1664.6195 0
400010000 400204 2329.597 3239.697 1665.225 0
400010000 400204 1620.132 1112.756 1497.8922 0
400010000 400204 1957.222 3376.572 1686.8756 0
400010000 400204 669.2194 973.1578 1681.9851 0
400010000 400204 3297.089 1985.971 1440.315 0
400010000 400204 1699.16 1060.417 1492.8447 0
400010000 400204 1137.669 1134.032 1495.2495 0
400010000 400204 2248.347 3210.697 1673.0532 0
400010000 400204 912.7865 827.9274 1669.4403 0
400010000 400204 1519.633 1590.919 1548.5372 0
400010000 400204 2283.972 3256.822 1662.8295 0
400010000 400204 1411.705 828.0722 1471.2968 0
400010000 400204 2062.722 3337.572 1671.8052 0
400010000 400204 2142.097 2991.822 1686.6333 0
400010000 400204 1217.22 1372.356 1508.4622 0
400010000 400204 1409.564 1516.188 1554.8158 0
400010000 400204 692.7738 820.7595 1663.8483 0
400010000 400204 752.3669 979.115 1675.1842 0
400010000 400204 3125.214 2345.096 1457.4851 0
400010000 400204 2154.597 3203.822 1657.3519 0
400010000 400204 1511.274 1473.679 1540.9602 0
400010000 400204 3079.964 2097.846 1459.3267 0
400010000 400204 590.564 747.8321 1677.6641 0
400010000 400204 1174.89 1115.617 1497.5226 0
400010000 400204 3306.464 2099.846 1448.1873 0
400010000 400204 1675.699 1013.012 1493.7327 0
400010000 400204 2326.222 3332.572 1655.2748 0
400010000 400204 1048.409 1137.707 1484.5127 0
400010000 400204 3341.214 2259.971 1470.9409 0
400010000 400204 1777.509 956.449 1515.2556 0
400010000 400204 679.9405 893.0472 1672.7134 0
400010000 400204 1368.647 1480.948 1563.3839 0
400010000 400204 791.8636 842.5429 1670.4803 0
400010000 400204 873.251 616.4293 1685.6407 0
400010000 400204 1383.046 852.3809 1472.0522 0
400010000 400204 1651.994 1248.12 1509.8036 0
400010000 400204 883.3369 727.1705 1679.1807 0
400010000 400204 3141.339 1918.846 1457.2534 0
400010000 400204 989.0583 786.5923 1672.5576 0
400010000 400204 3172.339 2000.221 1455.4453 0
400010000 400204 1733.624 1010.281 1501.9788 0
400010000 400204 3422.214 2243.471 1475.8171 0
400010000 400204 2077.972 3156.322 1652.009 0
400010000 400204 1011.295 1344.648 1517.9263 0
400010000 400204 2101.097 3375.322 1678.3384 0
400010000 400204 935.4399 619.9962 1687.4976 0
400010000 400204 2369.097 3327.572 1661.3142 0
400010000 400204 1177.957 1343.661 1501.11 0
400010000 400204 761.1287 1104.181 1686.5955 0
400010000 400204 952.778 917.0297 1663.1476 0
400010000 400204 866.4893 799.124 1670.9333 0
400010000 400204 1382.44 944.3624 1462.4689 0
400010000 400204 1270.914 839.3407 1483.265 0
400010000 400204 1325.332 879.2191 1472.4346 0
400010000 400204 1299.945 783.8218 1485.1575 0
400010000 400204 796.1486 687.7832 1678.2994 0
400010000 400204 1332.432 811.0725 1478.3945 0
400010000 400204 1149.736 1243.889 1495.1147 0
400010000 400204 1706.924 1169.67 1497.4763 0
400010000 400204 2132.972 3157.322 1653.2861 0
400010000 400204 1076.617 1276.751 1500.881 0
400010000 400204 2184.597 3246.572 1670.9984 0
400010000 400204 1455.456 1480.891 1549.1549 0
400010000 400204 2119.222 3236.822 1665.1698 0
400010000 400204 1197.531 723.3865 1500.0175 0
400010000 400204 864.9712 1047.701 1650.1278 0
400010000 400204 3342.208 2167.93 1462.4817 0
400010000 400204 1596.176 1041.058 1492.7767 0
400010000 400204 2205.597 3107.572 1666.4867 0
400010000 400204 3121.839 2059.846 1458.909 0
400010000 400204 2903.589 2098.846 1485.5073 0
400010000 400204 1323.018 1495.52 1569.5802 0
400010000 400204 818.9542 750.2358 1669.9202 0
400010000 400204 969.6204 806.0912 1668.0348 0
400010000 400204 1117.702 1361.243 1505.0135 0
400010000 400204 3002.964 2134.346 1472.0042 0
400010000 400204 2227.722 3183.822 1665.4396 0
400010000 400204 1606.07 1145.743 1501.4445 0
400010000 400204 1763.832 1157.361 1496.0059 0
400010000 400204 3226.589 1968.596 1450.6881 0

#Adamantium
400010000 400206 1048.75 2151.25 2871.5012 0
400010000 400206 2476.307 1515.25 2891.6785 0
400010000 400206 1146.125 2130.625 2879.0554 0
400010000 400206 2723.773 1723.232 2866.961 0
400010000 400206 663 3232.875 2837.96 0
400010000 400206 758.5832 3330.395 2883.2249 0
400010000 400206 2593.143 1733.561 2870.6824 0
400010000 400206 2996.196 2975.28 1363.1149 0
400010000 400206 2178.722 3087.822 1668.405 0
400010000 400206 913.375 3195.625 2901.9453 0
400010000 400206 744.875 3495.875 2891.4785 0
400010000 400206 2430.597 3135.447 1672.3591 0
400010000 400206 681.1417 1011.617 1682.9788 0
400010000 400206 965.4477 643.4141 1688.5414 0
400010000 400206 901.2327 630.5673 1685.2776 0
400010000 400206 2367.597 3034.822 1685.9498 0
400010000 400206 719.9615 733.7334 1657.9922 0
400010000 400206 1027.75 2038.875 2864.679 0
400010000 400206 924.6868 3235.832 2907.8584 0
400010000 400206 1283.375 2051.875 2886.225 0
400010000 400206 658.2438 800.416 1662.8344 0
400010000 400206 969.625 2088.75 2858.9875 0
400010000 400206 794.625 3388.5 2904.2246 0
400010000 400206 772.3614 868.58 1672.0039 0
400010000 400206 819.5058 678.8437 1679.6805 0
400010000 400206 574.4167 728.7511 1682.4275 0
400010000 400206 997.875 2872.625 2913.2917 0
400010000 400206 760.4485 889.5206 1671.8893 0
400010000 400206 2452.097 3281.322 1665.8475 0
400010000 400206 2509.209 1639.264 2881.207 0
400010000 400206 863.2878 709.0121 1674.6086 0
400010000 400206 1136.875 2258.75 2894.9568 0
400010000 400206 685.8714 953.5821 1678.3438 0
400010000 400206 775.3228 1099.167 1687.6461 0
400010000 400206 1172.625 2078.625 2875.4836 0
400010000 400206 2635.211 705.2543 2900.099 0
400010000 400206 1036.25 2077.625 2865.5593 0
400010000 400206 776.3471 3302.341 2877.2344 0
400010000 400206 2444.863 1409.242 2919.1128 0
400010000 400206 915.8248 588.147 1692.3488 0
400010000 400206 1034.415 2827.913 2924.7988 0
400010000 400206 743 3450.875 2892.1262 0
400010000 400206 652.5206 744.287 1666.8047 0
400010000 400206 746.8707 596.4194 1687.5305 0
400010000 400206 796.1494 642.3223 1679.7484 0
400010000 400206 2924.196 2869.905 1450.9323 0
400010000 400206 685.5613 819.438 1663.4268 0
400010000 400206 506.125 3237.125 2827.3743 0
400010000 400206 670.875 3472 2892.9211 0
400010000 400206 3072.071 2863.405 1375.3513 0
400010000 400206 810.5 3279.375 2879.8018 0
400010000 400206 984.625 1974.875 2871.3562 0
400010000 400206 1119 2197.125 2886.288 0
400010000 400206 1195.125 2149.625 2879.8293 0
400010000 400206 2102.722 3043.197 1649.5918 0
400010000 400206 702.75 3436 2887.3848 0
400010000 400206 2369.597 1775.485 2876.3574 0
400010000 400206 2380.412 1698.274 2879.416 0
400010000 400206 982.875 2021.125 2867.6252 0
400010000 400206 2342.722 3038.447 1684.6854 0
400010000 400206 711.5 3508.375 2893.2896 0
400010000 400206 989.875 2828.75 2917.9956 0
400010000 400206 532.1767 748.4542 1686.8983 0
400010000 400206 738.3201 3267.534 2863.3594 0
400010000 400206 477.0502 3299.075 2829.928 0
400010000 400206 2134.044 3053.724 1656.5493 0
400010000 400206 563.764 3287.881 2819.7104 0
400010000 400206 814.8202 705.972 1676.5574 0
400010000 400206 980.0836 3128.076 2918.1414 0
400010000 400206 2426.605 1609.915 2880.179 0
400010000 400206 2099.099 3059.66 1648.4731 0
400010000 400206 724.5521 1005.658 1680.563 0
400010000 400206 604.0807 1010.942 1692.9089 0
400010000 400206 2244.722 3037.697 1678.7443 0
400010000 400206 2537.665 1690.635 2877.4077 0
400010000 400206 722.375 3489.375 2892.25 0
400010000 400206 669.4158 927.7076 1679.0417 0
400010000 400206 990.0925 906.2288 1666.4784 0
400010000 400206 2746.632 610.6263 2918.3591 0
400010000 400206 2672.368 661.8123 2903.443 0
400010000 400206 1034.244 3156.688 2928.4695 0
400010000 400206 534.9248 1011.636 1700.0481 0
400010000 400206 865.7433 788.4248 1670.6626 0
400010000 400206 691.2897 854.3549 1663.1733 0
400010000 400206 2440.199 1734.35 2877.9956 0
400010000 400206 2114.597 3029.947 1686.3198 0
400010000 400206 2880.446 2949.905 1382.961 0
400010000 400206 2465.962 1592.558 2881.3704 0
400010000 400206 626.343 741.9001 1672.6324 0
400010000 400206 726.8082 784.983 1663.8502 0
400010000 400206 892.8488 2715.439 2925.028 0
400010000 400206 915 2752.375 2927.197 0
400010000 400206 3046.571 2947.28 1371.865 0
400010000 400206 2909.182 2988.518 1395.3755 0
400010000 400206 789.0859 742.6922 1670.6536 0
400010000 400206 2310.972 2936.322 1694.1025 0
400010000 400206 2919.946 2781.53 1451.4745 0
400010000 400206 2301.972 2942.447 1689.9357 0
400010000 400206 1104.25 2104.375 2875.3093 0
400010000 400206 1112.5 2079.125 2877.7253 0
400010000 400206 1015.998 918.5399 1668.9009 0
400010000 400206 2682.589 495.0461 2889.1472 0
400010000 400206 2629.295 620.1004 2903.0293 0
400010000 400206 997.625 2051.375 2862.8718 0
400010000 400206 672.375 3377.25 2919.643 0
400010000 400206 951.7451 953.1669 1663.2917 0
400010000 400206 2980.446 2925.28 1443.9962 0
400010000 400206 2687.782 544.823 2932.3308 0
400010000 400206 1150.75 2027.75 2873.0527 0
400010000 400206 598.5802 1000.796 1692.8423 0
400010000 400206 2697.831 584.1301 2889.7563 0
400010000 400206 2474.972 3263.947 1668.6807 0
400010000 400206 822.9442 635.4711 1678.9211 0
400010000 400206 2929.821 2935.405 1454.6976 0
400010000 400206 707.3092 698.8848 1657.2823 0
400010000 400206 992.9752 3053.128 2926.2288 0
400010000 400206 1232 2036.375 2879.5757 0
400010000 400206 2410.222 3199.947 1658.2555 0
400010000 400206 966.9394 782.5867 1671.483 0
400010000 400206 1021.875 2879.25 2919.9866 0
400010000 400206 2309.222 3145.947 1668.8256 0
400010000 400206 2390.097 3204.447 1659.9272 0
400010000 400206 831.3561 866.6953 1671.7241 0
400010000 400206 806.9831 1155.744 1697.9353 0
400010000 400206 695.875 3489.75 2892.716 0
400010000 400206 2358.472 3099.197 1666.9902 0
400010000 400206 855.3451 632.7907 1682.6122 0
400010000 400206 1095.125 2027.5 2875.5864 0
400010000 400206 3000.571 2898.03 1373.1534 0
400010000 400206 640.1042 842.9161 1662.2385 0
400010000 400206 2418.997 1540.767 2888.0024 0
400010000 400206 709.8423 876.7915 1672.7815 0
400010000 400206 762.7171 834.7945 1666.2933 0
400010000 400206 2529.867 623.8412 2886.6597 0
400010000 400206 2999.821 2932.655 1369.4613 0
400010000 400206 771.5861 748.5909 1671.7054 0
400010000 400206 2245.472 2969.197 1684.9222 0
400010000 400206 2299.472 3071.572 1677.8076 0
400010000 400206 3001.821 2871.53 1375.814 0
400010000 400206 1096.5 2148.75 2874.693 0
400010000 400206 2342.371 1724.709 2880.59 0
400010000 400206 723.1003 1125.935 1686.3834 0
400010000 400206 2601.146 1611.881 2895.8672 0
400010000 400206 929.4492 994.4773 1661.5061 0
400010000 400206 3050.946 2982.78 1360.7798 0
400010000 400206 2326.472 3154.572 1669.1512 0
400010000 400206 974.584 490.6458 1706.4465 0
400010000 400206 849.5015 777.4424 1670.2963 0
400010000 400206 996.25 3161.375 2921.0242 0
400010000 400206 575.4124 868.029 1668.992 0
400010000 400206 2568.774 588.4764 2882.1965 0
400010000 400206 2959.821 2884.155 1427.6809 0
400010000 400206 535.5 3255.75 2823.2107 0
400010000 400206 2635.39 1658.503 2882.3464 0
400010000 400206 2581.511 510.7933 2876.378 0
400010000 400206 643.2794 690.4299 1676.3175 0
400010000 400206 880.9614 861.937 1675.764 0
400010000 400206 736.6035 630.9736 1689.1415 0
400010000 400206 381.75 3225.75 2850.9458 0
400010000 400206 1031.403 3054.929 2927.6138 0

# Topaz
400010000 400304 1254.303 854.9973 1482.6292 0
400010000 400304 1283.846 892.583 1479.9304 0
400010000 400304 1428.286 948.0256 1469.1055 0
400010000 400304 1214.137 918.6414 1483.9547 0
400010000 400304 1234.843 774.251 1492.7417 0

# Aquamarine
400010000 400305 1428.675 878.1492 1471.1827 0
400010000 400305 1300.399 813.0319 1482.1039 0
400010000 400305 1460.546 939.9642 1471.5687 0
400010000 400305 1329.796 911.2852 1471.5466 0
400010000 400305 1219.963 991.2565 1489.7495 0

# Zircon
400010000 400306 902.0861 792.2849 1670.6649 0
400010000 400306 750.1079 630.427 1688.2502 0
400010000 400306 651.7086 826.1125 1662.9265 0
400010000 400306 752.8285 770.5864 1666.2924 0
400010000 400306 656.838 846.9977 1662.8075 0
400010000 400306 937.1373 584.9808 1695.7931 0
400010000 400306 821.0072 883.5408 1671.0931 0
400010000 400306 618.7387 764.9208 1671.3605 0
400010000 400306 739.207 714.115 1662.2194 0
400010000 400306 832.5497 664.3425 1679.6807 0
400010000 400306 866.8866 588.7112 1688.138 0
400010000 400306 929.9227 632.2609 1686.2539 0
400010000 400306 642.8894 744.0205 1669.2405 0
400010000 400306 593.3483 972.5014 1691.9407 0
400010000 400306 744.2388 1033.705 1680.745 0

# Garnet
400010000 400307 1007.75 2035.125 2865.411 0
400010000 400307 571 2037 2734.5193 0
400010000 400307 367.375 3332.75 2820.7434 0
400010000 400307 301.375 3360.875 2823.8232 0
400010000 400307 1208.375 2084.375 2874.822 0
400010000 400307 1110.375 2120.875 2877.5706 0
400010000 400307 610.5 2049.75 2736.9656 0
400010000 400307 638.625 2076.25 2729.866 0
400010000 400307 1143 2199.875 2890.6084 0
400010000 400307 341 3365.5 2824.251 0
400010000 400307 1047.25 2061.875 2866.4631 0
400010000 400307 582.625 2101.25 2733.2825 0
400010000 400307 590.25 2067.875 2739.0854 0
400010000 400307 1193 2141.125 2879.8743 0
400010000 400307 612.5 2080.125 2736.53 0

#Aether Extraction

#Big Vortex 150p
400010000 401011 1676.898 1095.675 1613.24 0
400010000 401011 1649.684 1208.419 1573.24 0
400010000 401011 1242.591 1186.211 1562.062 0
400010000 401011 2849.823 2147.487 1501.475 0
400010000 401011 1307.34 1259.797 1589.383 0
400010000 401011 3242.698 2301.237 1513.475 0
400010000 401011 1150.752 1169.223 1608.108 0
400010000 401011 1435.317 1285.763 1537.108 0
400010000 401011 1303.119 1300.445 1528.81 0
400010000 401011 3270.073 2366.612 1466.475 0
400010000 401011 1568.042 1026.668 1609.24 0
400010000 401011 1355.714 1165.79 1564.486 0
400010000 401011 1440.088 1264.691 1540.616 0
400010000 401011 2922.573 2204.112 1498.475 0
400010000 401011 1379.016 1091.963 1544.628 0
400010000 401011 2869.073 2299.112 1613.475 0
400010000 401011 3296.073 2312.237 1572.475 0
400010000 401011 1275.278 1238.581 1528.81 0
400010000 401011 3164.823 2380.987 1516.475 0
400010000 401011 3122.323 2372.362 1526.475 0
400010000 401011 959.9173 1368.135 1592.108 0
400010000 401011 1430.025 1170.26 1532.455 0
400010000 401011 1446.474 1063.544 1532.455 0
400010000 401011 3072.948 2308.112 1503.475 0
400010000 401011 3404.198 2354.362 1548.475 0
400010000 401011 1768.26 1084.984 1610.24 0
400010000 401011 2961.698 2446.487 1523.475 0
400010000 401011 3441.448 2243.737 1513.475 0
400010000 401011 1694.393 1236.605 1568.24 0
400010000 401011 1097.237 1201.533 1600.108 0
400010000 401011 1439.461 1143.368 1552.108 0
400010000 401011 2985.573 2368.487 1548.475 0
400010000 401011 2916.698 2259.362 1556.475 0
400010000 401011 1315.689 1172.664 1552.108 0
400010000 401011 3029.073 2310.987 1530.475 0
400010000 401011 1659.403 1050.966 1610.24 0
400010000 401011 1193.159 1109.65 1595.108 0
400010000 401011 1147.723 1350.97 1621.108 0
400010000 401011 1354.788 1185.492 1569.628 0
400010000 401011 1345.612 1128.201 1552.108 0
400010000 401011 1621.556 1040.451 1596.24 0
400010000 401011 1466.868 1217.095 1537.108 0
400010000 401011 1624.414 1240.493 1579.24 0
400010000 401011 1652.6 975.1554 1573.24 0
400010000 401011 1484.159 1158.99 1539.628 0
400010000 401011 3359.198 2403.237 1563.475 0
400010000 401011 1333.288 1248.593 1552.108 0
400010000 401011 1307.495 1220.803 1537.108 0
400010000 401011 2948.948 2303.612 1530.475 0
400010000 401011 1612.776 1156.608 1565.24 0
400010000 401011 1395.207 1215.273 1557.682 0
400010000 401011 1393.148 1196.806 1589.628 0
400010000 401011 1209.369 1408.8 1596.108 0
400010000 401011 1099.257 1115.708 1583.108 0
400010000 401011 1006.418 1251.286 1579.108 0
400010000 401011 2910.198 2342.612 1597.475 0
400010000 401011 1353.769 1211.478 1559.727 0
400010000 401011 1051.801 1177.3 1585.108 0
400010000 401011 1421.45 1248.593 1552.108 0
400010000 401011 1213.408 1275.519 1614.108 0
400010000 401011 1173.975 1366.115 1618.108 0
400010000 401011 1701.197 1182.177 1587.24 0
400010000 401011 1024.538 1330.776 1602.108 0
400010000 401011 1447.993 1196.455 1552.108 0
400010000 401011 1417.686 1112.235 1537.108 0
400010000 401011 1771.176 1019.864 1583.24 0
400010000 401011 3352.198 2327.862 1558.475 0
400010000 401011 1263.973 1158.577 1542.108 0
400010000 401011 1366.649 1295.043 1537.108 0
400010000 401011 1766.316 971.2678 1599.24 0
400010000 401011 1733.008 1020.725 1591.24 0
400010000 401011 1296.124 1115.947 1537.108 0
400010000 401011 1637.333 1267.988 1590.52 0
400010000 401011 3203.948 2314.362 1498.475 0
400010000 401011 1376.812 1260.088 1539.628 0
400010000 401011 1093.186 1282.835 1627.082 0
400010000 401011 1259.8 1389.339 1599.108 0
400010000 401011 1402.374 1166.762 1565.963 0
400010000 401011 1466.111 1128.118 1539.628 0
400010000 401011 1134.596 1243.941 1623.108 0

#Big Vortex 175p
400010000 401012 2614.698 2554.112 1574.1 0
400010000 401012 763.6223 1085.682 1739 0
400010000 401012 766.7905 700.0291 1743 0
400010000 401012 911.4731 678.6914 1748 0
400010000 401012 601.9427 1003.204 1748 0
400010000 401012 594.8106 1080.947 1739 0
400010000 401012 981.5776 696.2482 1739 0
400010000 401012 834.2158 773.7036 1748 0
400010000 401012 2429.573 2949.612 1649.1 0
400010000 401012 959.5314 581.3206 1743 0
400010000 401012 688.1991 633.8879 1743 0
400010000 401012 2744.823 2477.862 1580.1 0
400010000 401012 987.7754 463.1166 1735 0
400010000 401012 2706.198 2455.987 1583.1 0
400010000 401012 769.5798 633.1659 1739 0
400010000 401012 548.2745 1010.626 1739 0
400010000 401012 847.2597 733.4215 1735 0
400010000 401012 869.9426 985.2716 1748 0
400010000 401012 2476.448 2772.987 1590.1 0
400010000 401012 1057.024 832.3667 1739 0
400010000 401012 834.7303 1076.811 1739 0
400010000 401012 637.1302 856.1084 1736 0
400010000 401012 614.8442 786.1898 1743 0
400010000 401012 824.389 978.5676 1739 0
400010000 401012 2614.448 2430.737 1574.1 0
400010000 401012 2671.198 2525.237 1561.1 0
400010000 401012 871.9592 650.7462 1739 0
400010000 401012 998.1239 872.0515 1739 0
400010000 401012 958.893 915.954 1748 0
400010000 401012 2603.073 2736.237 1605.1 0
400010000 401012 932.6006 715.0837 1735 0
400010000 401012 754.0676 851.3687 1739 0
400010000 401012 823.6617 615.4313 1735 0
400010000 401012 884.8021 810.6514 1735 0
400010000 401012 856.4614 1027.255 1743 0
400010000 401012 811.8627 1158.186 1735 0
400010000 401012 2634.198 2628.612 1581.1 0
400010000 401012 928.0571 980.3715 1743 0
400010000 401012 817.6933 797.9383 1743 0
400010000 401012 2720.698 2378.612 1577.1 0
400010000 401012 718.5797 1156.791 1743 0
400010000 401012 1011.283 834.988 1743 0
400010000 401012 809.004 937.3599 1748 0
400010000 401012 2557.698 2717.362 1597.1 0
400010000 401012 792.3307 697.2824 1739 0
400010000 401012 797.2031 664.8857 1748 0
400010000 401012 1056.036 1029.24 1739 0
400010000 401012 797.2184 841.0933 1735 0
400010000 401012 653.9959 920.3332 1743 0
400010000 401012 2495.573 2828.987 1668.1 0
400010000 401012 752.2017 888.2411 1748 0
400010000 401012 625.3871 723.4149 1736 0
400010000 401012 715.1861 849.6752 1744 0
400010000 401012 2620.323 2779.487 1668.1 0
400010000 401012 2483.698 2858.487 1623.1 0
400010000 401012 869.6026 588.9561 1746 0
400010000 401012 728.4073 921.1276 1744 0
400010000 401012 699.3266 1078.533 1735 0
400010000 401012 2477.073 2731.612 1663.1 0
400010000 401012 2460.948 2911.612 1631.1 0
400010000 401012 794.9344 976.933 1743 0
400010000 401012 684.2188 851.4116 1735 0
400010000 401012 2470.073 2974.987 1638.1 0
400010000 401012 875.0617 894.8025 1739 0
400010000 401012 1081.027 938.6235 1748 0
400010000 401012 571.0255 792.4229 1739 0
400010000 401012 2591.198 2478.987 1581.1 0
400010000 401012 2792.823 2418.987 1607.1 0
400010000 401012 968.1326 758.9794 1748 0
400010000 401012 940.5056 872.532 1743 0
400010000 401012 2461.323 2822.737 1655.1 0
400010000 401012 742.5324 599.8016 1748 0
400010000 401012 2411.823 2770.362 1663.1 0
400010000 401012 794.7004 1026.252 1735 0
400010000 401012 907.9982 934.1854 1735 0
400010000 401012 2521.573 2769.737 1585.1 0
400010000 401012 768.9572 930.7869 1735 0
400010000 401012 635.1419 662.1217 1738 0
400010000 401012 2428.323 2841.487 1625.1 0
400010000 401012 678.2315 695.78 1739 0
400010000 401012 699.2357 570.3804 1735 0
400010000 401012 2674.573 2657.862 1574.1 0
400010000 401012 901.7068 1058.744 1735 0
400010000 401012 1107.83 1010.632 1743 0
400010000 401012 2666.823 2448.612 1574.1 0
400010000 401012 2838.823 2463.362 1648.1 0
400010000 401012 915.9382 605.7365 1735 0
400010000 401012 920.012 837.9493 1748 0
400010000 401012 550.5992 754.656 1743 0
400010000 401012 607.31 818.748 1748 0
400010000 401012 727.2785 1024.529 1735 0
400010000 401012 850.2424 797.5937 1739 0
400010000 401012 2715.448 2539.487 1658.1 0
400010000 401012 797.3234 1083.281 1743 0
400010000 401012 564.8207 703.4872 1739 0
400010000 401012 853.8882 697.889 1748 0
400010000 401012 731.2345 752.6962 1748 0
400010000 401012 1036.913 976.4743 1748 0
400010000 401012 971.7493 846.8476 1748 0
400010000 401012 2403.698 2891.612 1663.1 0
400010000 401012 584.9918 746.5634 1748 0
400010000 401012 723.2789 681.7588 1736 0
400010000 401012 850.417 632.8049 1748 0
400010000 401012 671.3367 984.7723 1739 0
400010000 401012 629.0953 1044.313 1744 0
400010000 401012 1090.894 891.0807 1735 0
400010000 401012 2580.323 2592.737 1585.1 0
400010000 401012 889.9637 721.3044 1743 0
400010000 401012 755.0231 1005.055 1748 0
400010000 401012 2678.698 2575.862 1569.1 0

#Shining Vortex 225p
400010000 401015 926.75 2057.625 2906.125 0
400010000 401015 818.5 2280.375 2906.125 0
400010000 401015 2643.702 782.3196 2744.457 0
400010000 401015 650.125 2962.5 3135.25 0
400010000 401015 854.75 1938.25 2906.125 0
400010000 401015 3003.587 906.0085 2638.884 0
400010000 401015 3231.826 717.7427 2987.836 0
400010000 401015 2770.666 1163.127 2838.969 0
400010000 401015 531.8985 874.6975 1780 0
400010000 401015 769.5 2165.375 2936.125 0
400010000 401015 2746.678 774.9979 2851.383 0
400010000 401015 3397.793 1289.112 2670.887 0
400010000 401015 541.5 2977.75 3135.25 0
400010000 401015 3224.298 1593.402 2879.267 0
400010000 401015 942.8207 523.7834 1771 0
400010000 401015 484.25 2762.25 3110.25 0
400010000 401015 838.875 2132.625 2922.125 0
400010000 401015 1004.995 982.1028 1780 0
400010000 401015 617.75 2890 3135.25 0
400010000 401015 2548.648 868.4528 2836.378 0
400010000 401015 588.75 3262.375 3108 0
400010000 401015 3090.565 1516.336 2907.774 0
400010000 401015 664.538 724.7719 1770 0
400010000 401015 617.3704 966.9898 1780 0
400010000 401015 738.875 2800.125 3130 0
400010000 401015 3321.837 1090.409 2761.305 0
400010000 401015 770.9882 812.4448 1770 0
400010000 401015 944.5515 637.0518 1780 0
400010000 401015 860.75 2106 2906.125 0
400010000 401015 614.75 2953.75 3075 0
400010000 401015 906.5 1959.5 2998.871 0
400010000 401015 2805.442 1518.001 2825.128 0
400010000 401015 442.375 2926.25 3120.25 0
400010000 401015 797.875 1987 2906.125 0
400010000 401015 777.875 2030.375 2917.125 0
400010000 401015 883.0532 2171.879 2921.336 0
400010000 401015 2935.029 721.4966 2831.283 0
400010000 401015 770.625 2372.75 2946.125 0
400010000 401015 910.125 3146.75 3125.25 0
400010000 401015 811.3461 1045.387 1780 0
400010000 401015 641.5 2835.875 3100 0
400010000 401015 682.875 2962.625 3123 0
400010000 401015 736 2897.125 3080 0
400010000 401015 694 2827.125 3145.25 0
400010000 401015 3080.994 1236.107 2585.292 0
400010000 401015 801.25 2218.125 2906.125 0
400010000 401015 3082.965 994.1866 3087.602 0
400010000 401015 556.75 3189.375 3130.25 0
400010000 401015 831.25 2661.125 3104.25 0
400010000 401015 822.2048 2359.363 2906.125 0
400010000 401015 927.625 2002 2906.125 0
400010000 401015 658.875 3105.375 3107 0
400010000 401015 2846.007 801.2538 2858.418 0
400010000 401015 2774.787 955.7956 2806.649 0
400010000 401015 636.75 3054 3125.25 0
400010000 401015 2957.767 1585.75 2920.512 0
400010000 401015 572.4825 1047.87 1780 0
400010000 401015 650.125 3324.75 3104.25 0
400010000 401015 670.375 2639.625 3123 0
400010000 401015 426.625 3012.125 3193 0
400010000 401015 842.314 913.8824 1780 0
400010000 401015 2806.47 1183.085 2763.244 0
400010000 401015 886.0742 561.8467 1780 0
400010000 401015 893.625 2084.75 2887.14 0
400010000 401015 2971.011 1089.18 2851.561 0
400010000 401015 2718.344 789.174 2814.069 0
400010000 401015 2577.081 1237.599 2771.611 0
400010000 401015 771.9927 991.0896 1770 0
400010000 401015 521.7846 714.4951 1780 0
400010000 401015 2852.154 641.4568 2815.501 0
400010000 401015 469 3086.375 3101.25 0
400010000 401015 972.375 3025 3140.25 0
400010000 401015 842.0999 1969.406 2950.196 0
400010000 401015 1026.844 777.5439 1780 0
400010000 401015 972.625 3175.375 3125 0
400010000 401015 758.75 2338.75 2945.125 0
400010000 401015 863.5 2067.625 2906.125 0
400010000 401015 3221.746 848.3064 2850.833 0
400010000 401015 644.375 2714.625 3118.25 0
400010000 401015 804 2129.875 2908.125 0
400010000 401015 865.875 1993.25 2900.465 0
400010000 401015 1061.098 939.4617 1772 0
400010000 401015 765.1303 1181.679 1780 0
400010000 401015 2685.429 759.0857 2690.506 0
400010000 401015 756.25 2955.5 3140.25 0
400010000 401015 775.75 2280.625 2906.125 0
400010000 401015 2890.985 1450.01 2897.479 0
400010000 401015 995.1116 637.6614 1772 0
400010000 401015 661.1951 1148.062 1780 0
400010000 401015 893.75 2829 3139 0
400010000 401015 826.125 2087.5 2916.125 0
400010000 401015 2980.794 649.3104 2990.666 0
400010000 401015 765.125 2102.625 2911.125 0
400010000 401015 843.375 2220.5 2917.125 0
400010000 401015 879.25 2024.25 2914.125 0
400010000 401015 883.75 1913.125 2928.125 0
400010000 401015 588 2739.375 3132 0
400010000 401015 819.125 3054.5 3075.25 0
400010000 401015 590.375 3039 3115 0
400010000 401015 798.0043 559.864 1780 0
400010000 401015 3403.462 1131.658 2771.398 0
400010000 401015 730.25 3206.5 3122.25 0
400010000 401015 1011.125 2794.125 3155.25 0
400010000 401015 2793.164 873.4918 2854.363 0
400010000 401015 2670.154 990.4535 2922.073 0
400010000 401015 589.9974 912.64 1770 0
400010000 401015 2765.138 732.248 2783.385 0
400010000 401015 839.5 2184.25 2906.125 0
400010000 401015 3042.119 1261.35 3049.009 0
400010000 401015 936.5579 774.3869 1770 0
400010000 401015 3262.366 1228.704 2610.201 0
400010000 401015 2874.057 608.3624 2771.245 0
400010000 401015 2680.445 853.726 2843.034 0
400010000 401015 741.875 3049.625 3085 0
400010000 401015 672.125 3186.125 3112 0
400010000 401015 419.375 3237 3116.25 0
400010000 401015 769 3302.5 3140 0
400010000 401015 838.625 2024.25 2906.125 0
400010000 401015 3525.545 873.3178 2644.065 0
400010000 401015 2587.639 953.3889 2889.485 0
400010000 401015 3294.74 948.017 2987.836 0
400010000 401015 513.625 2857 3155 0
400010000 401015 889.4959 859.7955 1770 0
400010000 401015 677.288 1030.598 1770 0
400010000 401015 508.6298 1020.315 1770 0
400010000 401015 3011.01 1658.511 2866.946 0
400010000 401015 3237.116 1407.573 2626.888 0
400010000 401015 980.1337 1014.344 1770 0
400010000 401015 654.9666 1096.731 1770 0
400010000 401015 3039.289 819.4266 2756.603 0
400010000 401015 756.2999 2439.988 2949.125 0
400010000 401015 544.8084 952.9223 1770 0
400010000 401015 2790.231 1416.661 2826.468 0
400010000 401015 2881.13 1011.365 2813.681 0
400010000 401015 801.3843 756.2197 1770 0
400010000 401015 588.3156 660.54 1780 0
400010000 401015 2658.19 1485.319 2799.912 0
400010000 401015 822.875 2415.625 2955.125 0
400010000 401015 2617.899 719.3045 2716.363 0
400010000 401015 467.125 3180.25 3135 0
400010000 401015 1108.64 1050.569 1780 0
400010000 401015 562.5 2638.25 3111.25 0
400010000 401015 2748.591 1328.542 2571.051 0
400010000 401015 2853.612 1609.342 2804.017 0
400010000 401015 3019.359 1510.533 2623.338 0
400010000 401015 698.75 3001.25 3135 0
400010000 401015 803.75 3021.625 3075 0

#Shining Vortex 250p
400010000 401016 1590.966 1868.412 2981.35 0
400010000 401016 2998.87 918.3306 2725.481 0
400010000 401016 2818.013 1492.871 2654.556 0
400010000 401016 735.875 2841.75 3155.25 0
400010000 401016 391.25 2949.125 3167.25 0
400010000 401016 806.625 3035.75 2776.5 0
400010000 401016 2669.643 1568.625 2977.225 0
400010000 401016 2845.123 455.756 2867.755 0
400010000 401016 2969.044 1154.322 2716.026 0
400010000 401016 722 2818.875 2846.25 0
400010000 401016 1789.018 1475.25 3020.225 0
400010000 401016 3124.667 1493.373 2834.267 0
400010000 401016 2301.997 2630.134 2945.35 0
400010000 401016 1558.216 1808.662 2945.85 0
400010000 401016 718 2969.25 3145.25 0
400010000 401016 1842.716 2578.412 3019.35 0
400010000 401016 3447.665 1153.43 2705.289 0
400010000 401016 1907.518 1415 3041.475 0
400010000 401016 2715.7 1657.761 2676.584 0
400010000 401016 736.75 3090.5 2828.25 0
400010000 401016 1615.591 1767.912 2963.975 0
400010000 401016 669.625 3131.875 2768.125 0
400010000 401016 2695.122 1984.759 3143.475 0
400010000 401016 605.75 2910.5 2735.625 0
400010000 401016 2103.893 1139.875 3000.475 0
400010000 401016 732.375 3102.75 3153.25 0
400010000 401016 2978.965 1420.272 2639.588 0
400010000 401016 817.25 2859.375 2846.25 0
400010000 401016 797.875 3090.375 2826.5 0
400010000 401016 2166.497 2572.884 2957.1 0
400010000 401016 2955.53 1511.994 2953.368 0
400010000 401016 1697.591 2442.662 3008.35 0
400010000 401016 593.125 3019.75 2846.25 0
400010000 401016 2627.247 2391.634 3060.6 0
400010000 401016 1563.966 2303.912 2975.975 0
400010000 401016 1692.966 2403.787 3010.85 0
400010000 401016 3413.775 971.2958 2654.752 0
400010000 401016 1556.841 2006.287 2998.725 0
400010000 401016 789 3134.375 2822.375 0
400010000 401016 621.5 2924.625 2787.125 0
400010000 401016 1598.341 2520.662 3032.225 0
400010000 401016 638.625 2863.25 2816.25 0
400010000 401016 3102.283 1277.166 2625.367 0
400010000 401016 2908.55 1115.105 3031.535 0
400010000 401016 1878.841 2404.162 3003.35 0
400010000 401016 3336.479 736.8201 2698.13 0
400010000 401016 3001.305 747.5515 2736.143 0
400010000 401016 1676.768 1408.125 2990.475 0
400010000 401016 776.75 3100.875 2770.625 0
400010000 401016 1100.75 2870.75 3174.25 0
400010000 401016 789 3058.625 2806.125 0
400010000 401016 826 3095.625 2860.625 0
400010000 401016 2057.997 2694.759 3015.475 0
400010000 401016 857.75 2894.625 2812.5 0
400010000 401016 852.5 2931.75 2798.625 0
400010000 401016 3351.93 734.7053 2722.468 0
400010000 401016 2549.273 1173.113 2696.014 0
400010000 401016 834.375 3188.625 3145.25 0
400010000 401016 3272.234 877.0204 2681.266 0
400010000 401016 2079.518 1282.875 3043.1 0
400010000 401016 494.125 2964.875 3152.25 0
400010000 401016 2426.497 2539.634 2905.6 0
400010000 401016 758.25 2613.375 3171.25 0
400010000 401016 688.5 3090.5 2824.25 0
400010000 401016 3057.908 849.619 3009.078 0
400010000 401016 854.625 2998.625 3145.25 0
400010000 401016 686.75 2818.875 2786.25 0
400010000 401016 2286.247 2577.259 2966.85 0
400010000 401016 2738.997 2241.259 3068.725 0
400010000 401016 849 3035.75 2846.25 0
400010000 401016 955.25 2915.625 3157.25 0
400010000 401016 656.875 2833 2801.25 0
400010000 401016 3028.337 1512.195 2599.006 0
400010000 401016 3463.991 1239.258 2725.994 0
400010000 401016 424.75 3173 3149.25 0
400010000 401016 2319.018 1173.375 3010.475 0
400010000 401016 2374.018 1356.375 3045.475 0
400010000 401016 1614.966 1660.787 2945.1 0
400010000 401016 755.5 2824.125 2846.25 0
400010000 401016 3310.529 619.0832 2741.888 0
400010000 401016 607.625 3052.625 2709 0
400010000 401016 764.375 3083.25 2776.25 0
400010000 401016 711.5 2855.875 2814.5 0
400010000 401016 820.75 3016.375 2862.5 0
400010000 401016 2812.775 1502.282 2638.507 0
400010000 401016 3446.938 957.6445 2736.589 0
400010000 401016 3263.982 998.6922 3094.399 0
400010000 401016 505.375 3287.125 3159.25 0
400010000 401016 3196.453 412.114 2823.505 0
400010000 401016 827.875 2951.125 2846.25 0
400010000 401016 391.25 2794.75 3160.25 0
400010000 401016 1792.393 1182.125 3000.475 0
400010000 401016 827.875 2907 2812.5 0
400010000 401016 924 2597.75 3173.25 0
400010000 401016 601.625 2687.25 3169.25 0
400010000 401016 894.875 3282.625 3155.25 0
400010000 401016 637.375 3014 3175.25 0
400010000 401016 590.375 3197.625 3150.25 0
400010000 401016 503.125 2714.125 3161.25 0
400010000 401016 829.625 3007.5 2846.25 0
400010000 401016 3333.24 1455.441 2665.839 0
400010000 401016 695.625 2904.375 3157.25 0
400010000 401016 1913.268 1313.125 3012.475 0
400010000 401016 3340.463 1193.907 2710.299 0
400010000 401016 2417.643 1304.75 2960.475 0
400010000 401016 3356.1 1284.893 2636.545 0
400010000 401016 589.875 2968.75 2789.75 0
400010000 401016 1616.716 2275.287 3019.1 0
400010000 401016 667.375 2861.125 2834.875 0
400010000 401016 3074.816 1441.099 2922.28 0
400010000 401016 532.25 3126 3173.25 0
400010000 401016 816.5 2819.375 3163.25 0
400010000 401016 3162.554 682.5562 2881.492 0
400010000 401016 1522.966 1984.037 2961.725 0
400010000 401016 1799.716 2427.537 3035.6 0
400010000 401016 3097.362 1036.451 3135.555 0
400010000 401016 1136.625 3029.75 3170.25 0
400010000 401016 2695.501 1409.866 2649.523 0
400010000 401016 3173.153 984.1698 2646.695 0
400010000 401016 2543.997 2475.134 3118.85 0
400010000 401016 2658.372 2295.759 3034.85 0
400010000 401016 2716.122 2070.134 3116.475 0
400010000 401016 820.75 3062.125 2830.75 0
400010000 401016 962 2729.75 3160.25 0
400010000 401016 757.375 3114.625 2796.25 0
400010000 401016 2490.143 1455.875 2992.35 0
400010000 401016 686.625 3126 3145.25 0
400010000 401016 836.625 3141.5 2846.25 0
400010000 401016 2697.372 2119.884 3072.35 0
400010000 401016 652.375 3081.875 2739.25 0
400010000 401016 2943.534 1319.172 2766.322 0
400010000 401016 666.5 3260.25 3166.25 0
400010000 401016 1004.5 3119.25 3175.25 0
400010000 401016 797.875 2841.75 2846.25 0
400010000 401016 941.875 2812.625 3145.25 0
400010000 401016 3012.424 1264.671 2926.899 0
400010000 401016 3320.806 934.6926 3090.279 0
400010000 401016 2699.589 1404.25 2596.641 0
400010000 401016 3210.927 1200.49 2610.988 0
400010000 401016 2216.768 1257.25 3065.225 0
400010000 401016 3425.894 1215.919 2655.99 0
400010000 401016 2755.122 1964.134 3081.975 0
400010000 401016 487.5 2808.125 3147.25 0
400010000 401016 632.125 3072.75 2809.5 0
400010000 401016 3103.694 1079.658 3098.409 0
400010000 401016 759 2855.875 2846.25 0
400010000 401016 649.75 3108 2846.25 0
400010000 401016 3153.479 1290.132 2730.797 0
400010000 401016 836.625 2974 2780.125 0
400010000 401016 438.25 3043.125 3166.25 0

#Shining Vortex 275p
400010000 401017 851.5 3019.875 2709.375 0
400010000 401017 844.625 2936.125 2683.125 0
400010000 401017 669.4084 2931.272 2687.5 0
400010000 401017 826.25 3090.375 2697 0
400010000 401017 2116.518 1424.625 3041.1 0
400010000 401017 790 2852.375 2696.75 0
400010000 401017 2609.372 2306.884 3081.6 0
400010000 401017 2241.122 2474.759 2964.6 0
400010000 401017 2603.997 2088.509 3077.85 0
400010000 401017 2661.122 2181.884 3097.975 0
400010000 401017 851.5 3071.125 2725.375 0
400010000 401017 606.2347 2965.083 2683.125 0
400010000 401017 592.3597 2948.833 2704.603 0
400010000 401017 2578.018 1537.375 2979.225 0
400010000 401017 1673.216 1737.162 2958.475 0
400010000 401017 627.625 2884.875 2683.125 0
400010000 401017 866.875 2879 2705.75 0
400010000 401017 2656.028 2009.884 3084.1 0
400010000 401017 2358.997 2472.134 2954.85 0
400010000 401017 1987.643 1427.375 3011.225 0
400010000 401017 1715.466 2029.287 2949.975 0
400010000 401017 625.875 3043.75 2666.375 0
400010000 401017 727.625 2810 2695.75 0
400010000 401017 723.375 3074.625 2673.625 0
400010000 401017 832.75 2960 2676.5 0
400010000 401017 766 3125.875 2725.375 0
400010000 401017 1980.372 2487.634 3034.35 0
400010000 401017 743.75 2794 2689 0
400010000 401017 586.625 2996.125 2670.5 0
400010000 401017 743.875 3098.5 2732 0
400010000 401017 774.5 2879.625 2683.125 0
400010000 401017 807 3108.25 2683.125 0
400010000 401017 1640.216 1772.787 2983.975 0
400010000 401017 2448.747 2370.509 3106.975 0
400010000 401017 2142.393 1511.75 3057.725 0
400010000 401017 829.25 2980.5 2683.125 0
400010000 401017 2627.247 2191.259 3048.725 0
400010000 401017 713 2837 2649.875 0
400010000 401017 603.1578 2812.401 2727.674 0
400010000 401017 1683.466 2200.912 3004.6 0
400010000 401017 2614.372 1993.509 3113.1 0
400010000 401017 840.75 2880.25 2683.125 0
400010000 401017 1888.018 1470.25 2988.85 0
400010000 401017 1908.643 1436.625 3035.225 0
400010000 401017 612.25 2912.125 2621.125 0
400010000 401017 2693.643 1679.125 2973.225 0
400010000 401017 1991.372 2525.509 2961.975 0
400010000 401017 2584.018 1722.625 2943.225 0
400010000 401017 703.5 3096.125 2693.625 0
400010000 401017 1606.716 1981.162 2975.6 0
400010000 401017 589.3723 2851.151 2730.492 0
400010000 401017 871.5 3000 2683.125 0
400010000 401017 778 3074.625 2666.125 0
400010000 401017 2544.747 1985.884 3081.35 0
400010000 401017 1928.497 2523.634 3034.975 0
400010000 401017 2073.247 2498.634 2970.975 0
400010000 401017 849.75 3042.125 2703.5 0
400010000 401017 1653.591 2045.162 3004.225 0
400010000 401017 1916.893 1525.5 3025.225 0
400010000 401017 663.5 3093.375 2675.625 0
400010000 401017 784.875 3119 2715.25 0
400010000 401017 612.25 2864.375 2741.504 0
400010000 401017 865.25 2908.75 2712.625 0
400010000 401017 735.875 2828.5 2672.25 0
400010000 401017 2533.122 2397.509 3082.725 0
400010000 401017 2653.143 1633.5 2937.85 0
400010000 401017 2125.018 1505.5 3007.1 0
400010000 401017 822.5 2864.375 2706.375 0
400010000 401017 664.6396 2850.978 2655.18 0
400010000 401017 620.125 3059.5 2687.875 0
400010000 401017 2366.768 1579.875 2967.35 0
400010000 401017 658.375 3137.75 2705.75 0
400010000 401017 1723.591 2308.537 3019.35 0
400010000 401017 2068.143 1420.375 3054.475 0
400010000 401017 1762.341 2223.162 3007.6 0
400010000 401017 1731.466 1898.912 2941.85 0
400010000 401017 708.875 2797.375 2683.125 0
400010000 401017 846 3126.375 2718.75 0
400010000 401017 2654.268 1612.375 2965.6 0
400010000 401017 764.375 3096.75 2683.125 0
400010000 401017 1653.966 1828.662 2983.6 0
400010000 401017 617.375 2987.375 2683.125 0
400010000 401017 764.375 3071.125 2696.125 0
400010000 401017 1657.216 2194.287 2978.6 0
400010000 401017 891.5 2862.375 2683.125 0
400010000 401017 824.125 2931 2706.75 0
400010000 401017 643.5 3079.5 2711.75 0
400010000 401017 2071.372 2556.509 2972.1 0
400010000 401017 690.125 3124.375 2726.5 0
400010000 401017 794.375 2811.875 2705.375 0
400010000 401017 1664.341 1797.037 2944.725 0
400010000 401017 2045.122 2606.009 2972.225 0
400010000 401017 2344.497 2468.259 2925.975 0
400010000 401017 2727.518 1741 2914.35 0
400010000 401017 726.75 2855.75 2640 0
400010000 401017 643.5 3041.125 2683.125 0
400010000 401017 661.75 2857.5 2683.125 0
400010000 401017 2180.143 1407.125 3018.475 0
400010000 401017 2589.143 1669.625 2982.1 0
400010000 401017 800.25 2825 2671.875 0
400010000 401017 2359.143 1502.875 2958.6 0
400010000 401017 1689.591 2126.537 3016.35 0
400010000 401017 829.75 2833.75 2728.625 0
400010000 401017 629.25 2924.125 2669.375 0
400010000 401017 2481.622 1932.009 3062.975 0
400010000 401017 1883.841 2284.662 3036.6 0
400010000 401017 795.125 3054 2716 0
400010000 401017 610.5 2890 2660.125 0
400010000 401017 646.375 2862.625 2683.125 0
400010000 401017 701.375 2862.125 2627.75 0
400010000 401017 681.75 3077.75 2697.75 0
400010000 401017 1781.841 2348.162 3008.85 0
400010000 401017 2577.247 2262.634 3088.725 0
400010000 401017 1667.216 1937.412 2970.475 0
400010000 401017 2451.768 1506.5 2991.725 0
400010000 401017 551 2972.875 2709.25 0
400010000 401017 655.125 3106.125 2712.75 0
400010000 401017 813.875 2936.125 2670.625 0
400010000 401017 2280.997 2516.509 2946.35 0
400010000 401017 696 2818.125 2712 0
400010000 401017 2604.372 2111.384 3113.35 0
400010000 401017 2037.018 1553.875 3021.225 0
400010000 401017 610.125 3032.75 2698.625 0
400010000 401017 799.25 3141 2683.125 0
400010000 401017 2198.247 2500.634 2956.975 0
400010000 401017 2026.768 1492.625 3008.85 0
400010000 401017 800.25 3021.625 2692.125 0
400010000 401017 2438.268 1550.5 2944.475 0
400010000 401017 1693.591 1912.662 2995.6 0
400010000 401017 590 3057.5 2699.75 0
400010000 401017 1730.091 2139.787 3017.6 0
400010000 401017 1653.841 1709.787 2935.975 0
400010000 401017 635.5286 2826.734 2739.319 0
400010000 401017 1776.143 1571.25 3029.475 0
400010000 401017 807.125 2989.125 2683.125 0
400010000 401017 1908.591 2292.162 2999.725 0
400010000 401017 1901.091 2352.037 3017.85 0
400010000 401017 752.375 2821.625 2661 0
400010000 401017 2476.768 1608.25 2932.1 0
400010000 401017 691.0892 2873.184 2683.125 0
400010000 401017 813 3074.5 2733.75 0
400010000 401017 644.75 2881.375 2683.125 0
400010000 401017 1876.716 2360.537 3037.975 0
400010000 401017 837.625 3164.25 2683.125 0
400010000 401017 2176.997 2535.009 2984.85 0
400010000 401017 865.25 2929.25 2699.375 0
400010000 401017 775.375 2826.125 2689.25 0
400010000 401017 824.75 3042.875 2683.125 0
400010000 401017 573.25 3033.375 2683.125 0
400010000 401017 549.5 3009.5 2695.25 0

#Burning Vortex 325p
400010000 401020 2083.643 1689.375 3021.725 0
400010000 401020 634.625 2896.75 2619.75 0
400010000 401020 2265.872 2185.509 3070.85 0
400010000 401020 713 2828.125 2607.25 0
400010000 401020 693.5 2815.875 2617.25 0
400010000 401020 584.25 3038.625 2710.5 0
400010000 401020 1785.341 1802.537 2956.85 0
400010000 401020 822.375 3074.625 2585.75 0
400010000 401020 2349.893 1661.25 2930.6 0
400010000 401020 809.25 3035.5 2687.375 0
400010000 401020 2147.247 2204.634 2977.6 0
400010000 401020 2331.247 1978.634 3129.975 0
400010000 401020 683.625 2826.5 2577.625 0
400010000 401020 2208.997 2218.259 2930.35 0
400010000 401020 2080.466 1911.662 3188.35 0
400010000 401020 2473.018 1846.375 2941.975 0
400010000 401020 2238.893 1652.375 3111.225 0
400010000 401020 1821.966 2088.912 3004.35 0
400010000 401020 681.25 3165.625 2516.125 0
400010000 401020 2114.497 2353.384 2982.725 0
400010000 401020 1781.716 1918.537 2949.475 0
400010000 401020 2145.872 2405.259 2950.225 0
400010000 401020 1879.591 1848.912 2939.975 0
400010000 401020 2078.643 1633 3047.85 0
400010000 401020 650.125 2826.076 2663.79 0
400010000 401020 1783.091 1816.537 2986.475 0
400010000 401020 1985.643 1702.875 3066.1 0
400010000 401020 1827.716 1991.662 2945.475 0
400010000 401020 1724.216 1767.287 2973.225 0
400010000 401020 748.875 2813.5 2612.875 0
400010000 401020 2306.393 1667.875 2991.725 0
400010000 401020 796.75 2808 2604.625 0
400010000 401020 2287.997 2089.634 3110.35 0
400010000 401020 618.25 2849.125 2599.875 0
400010000 401020 2399.84 2159.032 3087.35 0
400010000 401020 1918.466 2240.662 2998.725 0
400010000 401020 2047.268 1776.625 3119.725 0
400010000 401020 838.625 2911.375 2669.625 0
400010000 401020 830.5 2963.625 2681.875 0
400010000 401020 1960.268 1609.5 3001.475 0
400010000 401020 2055.497 2329.634 2941.1 0
400010000 401020 1850.716 2002.912 2983.6 0
400010000 401020 2397.247 2087.634 3139.6 0
400010000 401020 2045.591 2229.287 3038.475 0
400010000 401020 2352.643 1754.125 2948.725 0
400010000 401020 1846.716 1712.412 2954.225 0
400010000 401020 848.5 2993 2686.75 0
400010000 401020 1979.466 2076.412 3021.85 0
400010000 401020 692 3088.125 2571.75 0
400010000 401020 2386.018 1701.625 2958.1 0
400010000 401020 588.625 2971.875 2654.625 0
400010000 401020 752.125 3084.375 2567.75 0
400010000 401020 2337.622 2055.009 3097.725 0
400010000 401020 2306.497 2234.509 3083.975 0
400010000 401020 729.25 2839.5 2648 0
400010000 401020 1933.716 2291.287 3050.725 0
400010000 401020 2453.143 1725 2949.6 0
400010000 401020 817.5 2849.375 2630.125 0
400010000 401020 1966.966 1860.662 3028.6 0
400010000 401020 2150.143 1593 3036.225 0
400010000 401020 1960.466 1927.787 3092.975 0
400010000 401020 840.25 2872.25 2638.375 0
400010000 401020 2463.247 2005.509 3070.975 0
400010000 401020 835.375 3014.25 2685 0
400010000 401020 2152.768 1685.5 3050.225 0
400010000 401020 2197.872 1998.259 3183.725 0
400010000 401020 2178.497 2077.884 3146.1 0
400010000 401020 1980.091 2188.287 3042.475 0
400010000 401020 791.375 3102.375 2610.125 0
400010000 401020 1880.591 2133.162 3037.85 0
400010000 401020 889.625 2856.125 2630.375 0
400010000 401020 2214.497 2393.134 2962.35 0
400010000 401020 1851.466 1794.037 2995.225 0
400010000 401020 838.625 2940.75 2692.75 0
400010000 401020 2043.341 2124.287 3054.6 0